CG45784,0.0942892880465908
CG45783,0.016628704610408
spok,0
Parp,0.00437873533707623
Alg-2,0.138216515942049
Tim17b,0.0337244321571466
CG41128,0.0162120215782955
CG41099,0.0810290680221799
CG42402,0.0711119402174122
Gfat1,0
CG12581,0
Dsk,0
CG12582,0.0545085383225141
CG14636,0
aux,-0.07471439354821
DhpD,-0.019556688587822
CG14641,-0.0888101704544171
abs,-0.00538325331349549
Gel,-0.0368359105722957
CG14642,0
CG34305,0.016628704610408
TwdlU,0.016628704610408
TwdlG,0.0494288240037281
TwdlV,0
CG1092,0.00997415848825625
CG9766,0.0597552521547388
CR45597,0
cpx,-0.463549615895752
CG9780,0
MP1,0
Vps24,0.158503298377216
CG9791,0.0345456513427704
Syt14,0.0448384345694325
CG9795,0.105247074146171
CG9776,-0.201031403621082
Skp2,0
CG1103,-0.0771747128267586
CG1090,-0.0904180133023362
CR44922,-0.0837794764637309
CG11739,-0.193550959301397
Cont,-0.0191404779738292
tub,-0.0341397012259902
CG14646,0.060780489396526
CG34112,0
CR45999,0
CG9855,-0.0194625788799307
CG9853,-0.0572291721018763
CG14647,0.0544655607135729
CR45187,-0.0192425889998232
lost,0.0275926257636735
CG32944,-0.124123063696535
srl,0.0129910586393612
eIF3-S10,0.238390351333221
CG1074,0.0314712488331991
CG9804,0.0206494369998514
CR44134,0
CG14650,0.0466081343337321
CG31522,-0.0109471778346787
CR43629,-0.0228279890787875
CG31523,-0.0391127139076287
Fip1,-0.0746765603907078
CG34357,0.0252057636427827
CR45558,0.0494288240037281
CR44317,0.225026191764173
5-HT2A,0.743946576422445
CR45673,0
CG9775,0.00983400229016953
MED31,-0.123848003711684
slx1,0.016628704610408
Dip2,-0.0290077765763282
Karybeta3,-0.00267569140467741
spartin,0.016628704610408
CG43427,0.0446650923291443
CR44157,0
CG9769,-0.0346751386674356
CR44923,0
Nep2,0.016628704610408
tacc,-0.00185597413083622
atms,0.150685044897151
CG44098,0.0413818240904571
ctrip,0.00438171305782953
Hus1-like,0.0137812116819212
CG1129,-0.03700403865009
CG14657,-0.0102537191526728
opa,0.0190964295828386
Gnf1,0.0113717506444351
Cdep,-0.000286114973811164
Ubc6,0.456386372404819
CG14661,0.016628704610408
CG2016,0.0565487641857259
CG1124,0.0331039341855874
CG14662,0
CG2022,0
CR43635,0
corto,0.606632890859578
CG12007,0.0129189816057427
CG12589,0
dpr16,0.167482138914832
cno,-0.0663444788960724
CG1116,0.118186013182451
CG2604,-0.00110774003330345
CG14664,0
Vps37B,-0.0642987319664769
Kat60,0.144796498666872
Mms19,-0.0102913981830326
rtp,-0.0223805658281183
CG12163,0.447648273427291
CG33293,0
CG12173,-0.190182006303283
Hph,0.0927984798043117
mtd,0.30642768533398
CG11999,-0.0345618923847769
CG1161,0.0696933401955394
Prosbeta7,0.0406968979870948
Cerk,0.0204881672435177
CR44103,0
RpII18,0.0955751423933169
hd,-0.00408015975274066
CG14667,0.00665456765400389
7B2,-0.192394062307822
CG1172,0.0363006484896531
Or83a,0
Orco,0.016628704610408
CG14669,0.0134743553697612
PEK,-0.0472390888376134
RpL35A,0.112852969355214
CG12162,-0.0690250698670647
mRpL44,-0.0648654171422067
Snr1,-0.205597075196904
Hcs,-0.0106544751132879
ksr,-0.0162233065103502
CG31550,0.0213360662135127
CG31547,0.0353083483081122
Nmdar1,0.0355297729355715
Itp-r83A,0.0664780747321926
CR43845,0.0331039341855874
CG2519,0.0419293580270216
mia,0.016628704610408
Pcmt,0.0196454952237365
Snm1,0.0295681161539738
Pi4KIIalpha,-0.00787848252947763
CG14671,-0.105410253065021
CG12746,0.0542326783824182
CG2931,0.110517105830195
Rheb,0.120617394245034
CRMP,0.0503990801448291
CG2926,0.0498339309041833
rev7,-0.0575351804692277
noi,0.0305846588415256
Vha26,-0.244497812959598
kra,-0.199219197513091
snoRNA:Psi28S-3385b,0
snoRNA:Psi28S-3091b,0
snoRNA:Psi28S-3571,0
snoRNA:Psi28S-2442a,0
CG1427,0.112459295334521
asl,0
Rga,0.216614365084304
CR43628,0
Atu,0.0487247555346463
Spec2,0.108010302118787
CG2911,-0.00600387081113672
RpL13A,0.0536078995461097
CG31549,0.00280579419108995
CG12171,-0.0481241617936559
CG31548,-0.0207553119053215
CG12170,-0.0669653549695776
MTA1-like,-0.0714085338768631
Sec23,0.103097147114395
elm,0.176008066692405
MED27,0.00809866424175146
CG2182,0.059897746429957
CR44093,-0.0136622126038517
CG1109,-0.00927115273545984
Xe7,0.0194743777713328
Atg17,0.141755501480027
Rab23,0
plx,0.0645277018059289
CG1239,-0.0305810543383733
CG2100,0.0190234666541569
CG1236,0.111342917222294
Sym,0.00490949695609862
Madm,0.0689484828444585
CG2091,-0.127403920609081
Sec8,0.119496797170833
CG2082,0.447046367814286
jagn,0.108374542939259
kat-60L1,0.0385250602492312
CG2051,0.0290739197929832
Rpn5,0.103344063845917
CG1218,0.00211499809586972
CG2046,0.106621889766462
CG10979,0.0483492522574137
CG11000,-0.0951048767572025
CG42675,0
Hpr1,-0.0139615580390371
CG2023,-0.0148566960115879
dgrn,0.103658018970533
CG1208,0
CG1213,0.0887112554546799
disp,0.0186171823963344
ECSIT,-0.0811794480843308
CG2017,0.30140107513083
CG34113,0.380830208588725
Obp83a,0.00879958045882543
Rm62,0.157407193574396
CG15580,0
Gasp,0
Vha14-2,0
CR45194,0
NPFR,0.0331039341855874
Osi24,0
Osi2,0
Osi3,0
Osi5,0
Osi6,0
Osi9,0
Osi12,0
CG15594,0
Osi15,0
Osi18,0
Osi19,0
Osi20,0.016628704610408
CG17919,0
SmD2,0.0268448836298196
CG18048,-0.000750119307350619
Pak,0.00793619400489601
CG42724,-0.0732645917145228
CG10286,-0.0178766040881745
CG1041,0.0258224445785175
CG42564,0.016628704610408
CG1024,0.109060218590061
TfIIFalpha,-0.0616016794047378
godzilla,0.122093418581366
Dmtn,-0.00141465102175863
gpp,-0.0724784280822726
CG9727,-0.00891014358119086
Zif,0.159773797026093
CG15186,0
dpr11,0.28089532852456
CG1137,0
Taf1,-0.0406415833623436
CG1307,-0.0475298437534097
twr,0.00863052456838467
agt,-0.017264721553926
CR45593,0
Ama,0
CG1105,0.109013670333515
CG1965,0.110683781382033
CG1104,0.0898884446262891
CG1943,0.222320231075588
Ref1,0.0433088630388637
Dpck,-0.0518799958615333
CG1091,0.0562532187662239
CR45907,0.0517418687957807
alphaTub84B,0.320755773504872
CR43685,-0.12676893742311
e(y)2b,0.100891344500869
Alh,0.0619202049101493
Mlp84B,-0.0134785291263984
CG10098,0.097105763946412
CG10068,0.0196819182902476
CR42875,0.133110366349696
CG31248,0.201111114956286
Fer1,0
CG2656,-0.0423047631923305
gfzf,0.0331039341855874
Sas-4,0
MAGE,-0.0206856517922631
sas,0
CG10055,0.0888977585166564
lap,-0.195178751485166
CG14609,0.016628704610408
CG14608,0
CG14607,-0.0112793971486939
CG1234,0.00323933195047383
CG10053,0.0269373993027516
CG1227,-0.0030071881587741
CG10050,-0.000193291253916895
Gld,0
Syt4,0.218784502793047
rn,-0.0275919269537399
CG1142,-0.0292157716194667
scaRNA:MeU5-C46,0
snRNA:7SK,-0.103564826831462
alpha-Est10,0
CG42656,0
alpha-Est9,-0.0167888119661533
CG1287,0.016628704610408
alpha-Est8,0
alpha-Est7,0
Rtnl2,0
alphaTub84D,0.127457548803646
alpha-Est3,0.0331039341855874
CG34127,-0.194878071162773
CR44332,0
Nlg1,0
pyd3,-0.00516951996007852
CG10919,0.016628704610408
Sp7,0.0331039341855874
CG2993,0.259506948084406
sgll,0.0201137158648914
CG31473,-0.0130861418269392
CG34384,-0.354951992050487
CG17816,-0.134508864522935
CG10092,0.0347307885334106
mRpS9,-0.146247355183436
wtrw,0.032392731711369
CG2943,0.0278109382707869
Taf7,-0.00016868836781136
Prat,0.0494288240037281
CG2846,0.0199494560988716
CG2678,0
lds,0
dsx,0.0331039341855874
CD98hc,-0.294251205676324
CG2781,0
CG14463,-0.0644667897579436
Kmn2,0
CG2698,0.165202076959889
CG2767,0.0345911334433856
CG11052,0
CG3223,-0.0169721759524657
CG10435,0.063916345160366
Pbp95,0.0490021409110089
CG2747,0.0313821142778659
ImpE3,0.00393576866605808
CG10903,0.0693431512870712
CG11035,-0.106968180095542
unc-45,0.029985448122686
CG43060,0
mAChR-B,0.198689234770886
CR44330,0
CG7900,0
puc,-0.163032838327326
CR44331,0
CG7878,0.0361645242797176
CG9667,0.135538278560933
Gie,0.178001927809997
grn,-0.00987948855132468
CG7800,0.0331039341855874
CG18249,0
CR45549,0.016628704610408
DNApol-iota,0.0386346020832924
Ada2b,-0.0260987558373629
CG9636,0.116669854809713
CG15864,0
mtg,0
CR18228,-0.0247839150220966
RpA-70,-0.0301512893696871
Mcm2,0
CG9630,-0.0254155622428571
ato,0
CG11671,0
mRpL1,-0.116217904230002
nac,0.0349140995471159
Sgt1,-0.0230910749082246
tex,-0.0303262226372596
CG11693,0
eIF4AIII,-0.00401904731531281
Coq2,-0.0310694366190006
Ctr1B,0.0615577955282143
CG9603,-0.239650216271352
Arl2,0.115258657846626
CG9601,-0.0021101462622571
DppIII,0.00939818656454219
CG7352,0.00176498660691155
Atg13,-0.0661602021964753
stck,-0.0251165194965994
CG9684,0
CG45263,0.512031118419394
Obp85a,0
CG11737,0.10493046050181
CG11741,0
CR45574,0
pch2,-0.0251914926738527
mRpS18A,-0.280595785792187
CG31460,0.0897883768178413
CR44291,0
Cenp-C,0
5-HT2B,0.0114758682339539
Mkk4,0.0791138041752775
CG8021,-0.0294254692274692
Dhod,0.0130360040436789
CG11753,0.239416407921533
CG42489,0.0643862945629402
bel,-0.0650561598678522
p,-0.0746663601732899
CG8032,-0.0533865659898995
CG8036,-0.0257709467281431
mRpL19,-0.148549063188403
CG9773,-0.0266303594755171
CG8043,0.018475247370838
CG11755,-0.0492478263657728
hb,0
Cks85A,-0.0420438702604979
CG8112,0
CG8116,-0.00144722426328968
CG11760,0
CG8136,0
CG8145,0.00605403660527276
CG8159,0.0359592568661181
ranshi,-0.0385557250448045
M1BP,0.124883270823651
CG8202,-0.0173514273550378
CG9801,0.0550399377285898
CG8223,-0.0514252418700172
CG11768,1.66096012368508
CR44228,0
CG8236,0
Pif1B,0
Pif1A,0.489499892682481
Tcp-1eta,-0.0179547950388746
CG9839,0.000500601270992201
hng2,-0.0314011367105393
CG9837,-0.0151361113802635
CG9821,0.237552246681549
CG8369,1.22642899878444
CG9836,-0.48374710680347
CG8379,0.0682491918790377
pyd,2.40025498267924
skap,-0.082731313992398
CG11964,0.100006226460728
CAHbeta,0.016628704610408
RagA-B,0.086850025038373
CG11970,0.00933287827110662
E(var)3-9,-0.0022723793557761
CG11975,0.0534436116685336
CG31100,0.0218198328725394
CG11980,-0.0514894626692824
Prosbeta3,-0.0512648246555704
CG11982,-0.00607330571869169
CG11983,0.0396486694701409
CG11984,0.159476915930057
CG11985,-0.0884416861110978
CG11986,0.00325753208887128
tgo,0.0977204702927496
neur,0.0136309461768843
hyx,0.0196433163508314
Nmdmc,0.00375892892259228
Rel,0.0258778511542456
Mst85C,0.0911355441003751
Kdm2,0.0553798292562995
beag,0.140465454537057
Ada,0.016628704610408
pum,-0.158072847400985
D1,0.138052730422306
ird1,0.0189989087393919
CG16734,0.0114845516291803
CG16736,0.016628704610408
Ibf2,0.118442836229271
Ibf1,0.0499337984802078
VhaM8.9,-0.128431855890018
sage,-0.0353519745992715
Aats-trp,0.0242828490460891
Vps16A,-0.00128501603527561
CG8861,-1.01068495649562
CG16749,0.0457494395237874
CG8866,-0.0505033380791794
CG8121,0.0558783440796081
CR43301,0.0331039341855874
CG45050,-0.10443486525476
CG18473,0
FER,0.0161812216528177
CG34117,-0.19138288135548
RpL34b,0.112260007307476
CG8132,0.0697002778710409
CG9356,0.0112211531226931
betaTub85D,0.0397942339424788
Task7,0.0680377261975759
alpha-Man-II,-0.0293386732555253
ps,0
GstZ1,0.016628704610408
GstZ2,0.0722533622322422
CG16779,0.745053697207495
CG8147,0
RhoL,-0.00542448592909262
CG8149,-0.0344807564904959
rump,0.0456403350925639
Ras85D,0.01239647882812
Rlb1,-0.0702273245184076
mRpL47,-0.0905085148669107
JHDM2,-0.0652242654308494
CG8176,-0.00990235341136947
by,0.0151259663913651
mura,0.138510473672198
CR42549,-0.0522694209293771
RnpS1,-0.0311376545653139
CG9386,0.0661178028009214
CG8199,0.0331039341855874
AP-1mu,0.2154108124093
MBD-like,0.0819013729695241
CG9393,-0.0138193046467706
Vps45,-0.0335022635936244
CG16789,0.0119015504681119
CG16790,0.06215746229102
CG9396,0.016628704610408
CG9399,-0.0327939996614487
Kap-alpha3,0.236545960592605
CG8273,0.0795281432136512
CG8301,0.0652551831606654
P58IPK,-0.0547208759071932
bocksbeutel,-0.000571142526655958
CG8312,0.0267465679223022
CG9427,0
CG8319,-0.00795415429224489
Crc,-0.0661021262062774
SpdS,-0.0684084807902397
Scm,0.10541710882541
Dh44,0
CG16817,0.0766085574453088
nmdyn-D7,0
CG9444,0
eca,0.0560706411573557
Unc-115b,0
Unc-115a,0.0977173295906491
trbd,0.136113950866597
dmt,0.016628704610408
hyd,-0.0477545562102585
FoxP,-0.150831790099682
CG12950,-0.0447297586243261
Pnn,-0.0985013275503987
CG34409,0.0494288240037281
CG31415,0
CG12948,0.0539848148307635
PpD3,-0.0233478977653253
CG16908,0
Rpt3R,0
CG8412,0.0362099729441376
CG8417,-0.0151268659056772
Snap24,0.0974061669601793
CG8478,0.016628704610408
MED6,0.0779239421818952
CG8481,0.256142930559077
CG9471,0.119952865704413
Whamy,0
RpS29,-0.0815603333158002
CG12947,0.016628704610408
MtnA,0.0488026609471093
CG8500,0.529216530174603
CG12945,0.0455614439245453
CG8507,0.124309951413813
CG8516,0.0670443511246857
CG9467,0.247072325745352
CG8526,0
FBXO11,-0.00608186658793139
CR44035,0
Teh1,0.106967268019416
Glut4EF,-0.132681881074655
Art4,0.0381941763654677
CG5359,0.0214434303572412
Mical,-0.025761515234377
CG3909,-0.0155005119562106
CG11722,-0.00532943313207576
mtTFB2,0.0191335046744621
CG12811,0.00328852949603605
CG3925,-0.0330119610008
Npc2e,0
nerfin-2,0
CR45054,-0.00885563632826418
CR43459,0.0611353964016519
Fmr1,0.0740358273728957
CG3940,0.387391236296869
gammaSnap2,0.168381702838946
CG31477,0.016628704610408
knk,0
tws,0.0365105273074968
TAF1B,0.0393557188608084
Invadolysin,0.0557308244954482
CG6254,0.0770798235958345
Best1,0.0504078022427623
CG12814,0.016628704610408
Syn,-0.202416060574637
Timp,-0.0521369822304694
CG12420,0
CG12817,0.210376627516784
CG34107,0
CG42795,-0.151357217854573
CG3999,0
Sirt6,0.00936103603699151
pont,0.0587000952939524
CG43143,0.296574956368644
CG6293,0.0119253063992048
Bruce,0.0590185831956021
CG12818,-0.0594690578853759
sle,-0.00385438589973621
CG12592,0.016628704610408
jumu,0.0241830824435779
Rfx,-0.0244858090594669
CR44938,-0.0298386662664194
cwo,0.197467206277952
CG6325,0.0360586663383287
Irp-1B,0.02099491916065
Rrp46,0.010580824991856
CG6345,0.0259444432866565
Cyp12e1,0.0777558374485624
hth,0.101418267837773
CR44018,0.109824900807801
CG6465,0.352089800828938
CG14688,0.232813345902132
CR44230,0
Skeletor,0.016628704610408
pug,0
CG14683,0.0734636451803312
CG31467,-0.0215647106131095
CG31278,-0.0398510267494919
TkR86C,-0.0262097757431686
CG31272,0
MED7,-0.0192487453445008
Cap-H2,0.0702821207103906
TfIIFbeta,-0.0379411970843242
mRpL37,-0.0107425170847973
Rbp1,0.0731230088955881
Art1,-0.0305316494526042
Mcm5,0
CG14687,0.0768365953877893
CG14693,0
CG4089,-0.00813210462675673
CG42394,0.0801684311434725
CG4565,-0.0224574920639204
CG6567,-0.0184075042937522
CG4511,-0.115610412073625
CG4570,0.016628704610408
CG14694,0.0331039341855874
CG6574,-0.0155893252391946
SelR,-0.161698555525881
Tsp86D,-0.0905901060921021
Fdh,0.117825774738803
CG4596,0.246024704782197
Sodh-2,0.0792036592355267
CR45195,0
CG14695,0
Tpc1,0.0150804755262805
CG14696,0.00946338140054021
Leash,-0.0362074531641779
Adk3,-0.0157052590149157
CG6621,0.0524083542962031
CG34114,-0.000580575510728513
Ugt86Dd,0.016628704610408
Ugt86Di,0
Ugt86Da,0
Ugt86De,0
Ugt35b,0.547097890769195
Ugt35a,0
cu,-0.0508004890340918
SdhC,-0.210593611602357
Tctp,-0.000290612293893615
ZnT86D,-0.00102997612606515
RpS25,0.13375077847212
CG4820,0.04029274628015
CG6689,0.053010287596708
CG6693,0.14052165942368
RpL3,0.0681647730053911
CR31144,0
scpr-C,0
CG17726,-0.0165117797408492
GCC88,-0.0211157783455579
CG17187,0.086320756194787
CG14701,-0.0394831300603942
Arfip,0.0484226088671882
CG17721,-0.00271976529733501
CG31441,-0.016252772363712
CG31388,-0.0363248767472019
CG17734,-0.087211104365281
CG5214,-0.274309777173262
CR43283,0
pros,2.19911942437535
mRpL40,-0.227411994330643
mgr,-0.166272066509738
Irbp,-0.0587759147659178
Ranbp9,-0.00413942470127888
CG6723,0.719162881194205
CG45676,0.0129128284026765
ninaG,0
CG5270,-0.0213192992165159
CG18643,-0.0213759248757689
RpL24-like,0.115768353518958
CG5276,0.0798865006107336
CG6744,0.0197461746810369
CG5281,-0.0923162949307964
sals,0
CG17230,0.0623408940605233
PGRP-LB,0.016628704610408
dpr5,0.0155305663706143
dpr4,-0.0688646560140649
CG10898,-0.0198529118121516
sea,0
fabp,0.203306826246525
Mrp4,0
wkd,0.0162209615100441
CG6791,-0.01747886150897
Jupiter,0.139408347887761
CG14710,0.0222528704989691
CG6808,-0.0462097331942878
CG14711,-0.0530926456483899
CG6813,0.0483727376118279
CG18764,0.0312974184999088
CG14712,0.0387504712532996
Csk,0.0327326007966815
CR44137,-0.043567520542151
Elp1,0.0275695874735976
CG42327,0.0300333158614086
CG14715,0.136111647042184
CG18476,0.0150268677802983
Taf12,0.559187013650036
Ho,-0.0776638049948303
CG6834,0.0757430706419835
CG6908,0
CG12594,-0.0941563100287619
CG14721,-0.017048079559904
Blm,0.0665577853971105
CG14722,-0.00797198767753853
CG6923,0.0300237739215929
Lk6,0.24012642598362
l(3)neo38,0.239128762320834
CR45595,0
CG17360,0.0375485203644476
HisCl1,0
Sbf,0.0119050857730039
ClC-a,0.0199392695834247
glo,0.505526830086792
CoVa,-0.362698673115046
CG6950,0.00317747903037292
CG6959,0.939386731404797
CG6962,0.0603244862360746
CG31368,-0.0212047469257771
mthl5,0
Cad87A,-0.0420404566676403
CG31211,0.0288279330950729
Hsp70Aa,0.308275197012885
Hsp70Ab,-0.00332683602238699
CG3281,-0.0509430345577245
aurA,-0.0124755644211297
CG12213,0.276027362635026
GC1,-0.0979242494077095
Tango9,0.159468657509982
GC2,0
CG18547,0.0331039341855874
CG12224,0
mfas,0.392137200052608
Tk,1.3876240318901
Ect3,0.0187621405757585
KLHL18,0.144844437758313
GCC185,0.0824127237088207
CG3313,0.000197238507129519
Spt3,0.00214799694053571
ATP8B,-0.0522360007163329
dpr17,0.642655925970667
CG4702,0.016628704610408
dpr15,-0.000868149291900557
Cpn,0
CG4848,0.00800183405434384
CG14742,0.016628704610408
CG4860,0
CG12256,0
Cyp313a5,0.016628704610408
Cyp313a2,0
Cyp313a3,0
CR45582,0.016628704610408
svp,-0.0191404779738292
CG10038,0.0195012005431623
CG10041,0
MBD-R2,0.0695199534799521
CG4115,0
GstD9,0.0380000298097665
GstD1,0.0596760634538393
GstD2,-0.0190351475424893
GstD3,0.114316071587711
CG10035,0
GstD11,0
CG34402,0
Cyp9f3Psi,0.109882664173894
lig3,-0.0212394133628045
Cyp9f2,0.437083457188559
CG5167,0.0494288240037281
CG5196,-0.0393553308037216
Dip-C,-0.0760062358170421
pps,-0.012826255782406
Scgbeta,-0.281361821982504
CG17202,-0.0400514246145129
Pp1-87B,0.0213084323878015
Sas,0.0016612603966174
CG5641,-0.0412177189990074
CG5245,0
Prosalpha2,-0.12906663563085
Aos1,0.00594029346616149
CG5844,0.0329211922831227
Desat2,0
Desat1,-0.0613646085505237
CG5538,0.016628704610408
CG18549,0.0252694289703266
CG5509,0
trus,-0.0284580189777691
CG5961,-0.00145000682357433
CG12267,-0.00327641321670892
CG5608,0.0557159086770395
Hsp70Ba,0
alphagamma-element:CR32865,-0.12420493787364
Hsp70Bb,0
Hsp70Bc,0.933647360511888
Octbeta3R,-0.67427203852476
Hug,0
Octbeta2R,-0.688835820304073
Vha55,-0.192851988679272
Snx3,-0.0587841520024112
Not10,-0.0460525112279675
CG18530,0
CG6753,-0.0157321027484784
Dtg,0.0609393268113455
CG6225,0.0494288240037281
mbo,-0.0176464486258093
kar,-0.00266117603708541
Su(fu),0.0244925936320012
Arp1,-0.0774301562508836
NijC,0.016628704610408
Past1,0.0282794290605018
CG12279,0.0148319815941532
mus308,0
Men,-0.00895897791098835
beat-Vc,-0.0457243750980427
CR44233,0
CG31345,-0.0752594829363696
beat-Va,-0.0650216818866974
CG10126,0.0385307013902459
beat-Vb,-0.106176088995418
grsm,0.0255911422378527
Spc25,0
CG7381,-0.0820090378677227
Paip2,0.169907912937774
CG31342,0.0307247526698779
CG7488,-0.128189166755781
CG7518,0.048973103017387
CG8031,0.0166124012969336
CtBP,0.0467035141554384
CG12360,0.0975258969151477
l(3)87Df,-0.0868326817230235
ry,0
CG11668,0
CG7966,0.0248584835097816
pic,-0.0634637592574546
sim,0
CR46019,0
2mit,-0.111447960908542
CG8483,0
Ace,0.690091650383305
CG11686,0
Ravus,-0.047126423172044
Su(var)3-7,-0.0201052657531997
CG8449,-0.0154577688281609
CG8630,0.0494288240037281
CG15887,0
CG32473,0.0137048433540639
CG45080,0
PK2-R2,0
PK2-R1,0
poly,0.115896163862269
Dic1,-0.13113696249951
CG34309,0
CG9813,0.405276833547528
CR44138,0
CG8870,0.0262845232747695
mRpS21,-0.0528568691553437
Droj2,0.0746296498060974
CG9799,0.0224046091872756
CCHa2,0
GILT1,0.00217625776984586
CG33977,0.125628111904499
yrt,-0.0504132999385883
CR45679,0
CG14372,-0.134558129973923
CR17025,0.016628704610408
CG31337,0
CR45680,0
sqd,-0.0577262871516534
rin,0.0496867807171136
Rbp4,0
Hrb87F,-0.0138074113354401
B52,-0.00950162940971544
Task6,0.256103321842425
CG9588,-0.03202342968642
lkb1,0.0363751393459586
omd,-0.0165649529282396
flfl,0.0085958567380272
CG14367,0
f-cup,0.263265429587953
ninaB,0.139641896743996
Adgf-D,0.935784245759936
Adgf-C,0.155610633859119
CG31469,0.0243746582524786
CG34383,-0.289578659575925
CG9312,0
Cht5,0
CG9286,-0.0362452288052567
Dip-B,-0.000155413204145189
CR43641,0.016628704610408
Mst87F,0
CR43300,0
Nsf2,-0.03847043311093
Ipp,-0.128008477032299
rdx,-0.02303761223477
CR43460,0
Cyp6d5,0.016628704610408
CG3061,0.143251157911177
CG9922,-0.0459748873549489
foxo,0
Npc2b,0.100939646872949
CCHa1,0.0350936817678815
PK1-R,0
CG12402,0.216370631572241
Or88a,0
Kif19A,0
Abi,0.219507196372857
twf,-0.0271934280577548
140up,-0.093690856631315
RpII140,-0.0366494265255925
Dop1R1,0.0509370619585338
CG9649,0.016628704610408
CG9616,0
Aats-met,0.00941241121906516
CG43179,0
trx,0.246574646170387
CG12207,0.133364450397119
su(Hw),-0.00957113148926665
RpII15,0.0781474138205376
Crz,0.0621554708373362
pr-set7,-0.0139678995034062
Afti,-0.0328760193742743
CG3321,-0.291224502078785
spn-B,0
NK7.1,-0.171210860945038
CG31320,-0.0079595030021294
CR44943,0
soti,0
cv-c,-0.0242726380529558
natalisin,0
HtrA2,0.0085368958957581
mRpL11,-0.00960899213007617
CG8461,-0.0130585840014503
Pde6,-0.0734846772879887
CR46021,0
CG31313,0
CG8066,0.0134268795423611
CR44095,0
Cys,0.190834325152332
CG7987,0.142851897949053
stumps,0.0251209492232512
CG14853,0.568137255484214
put,0.067078748641087
His4r,0.258627264877187
l(3)L1231,0.189668434621435
CG3505,0
Hexim,0.0596785941805719
Rad17,0.000899007292830131
Meltrin,0.0697902861915893
kibra,0.0774820727695786
CG7530,0.00553491105883595
eff,0.0445442170478907
jvl,-0.0696278942397346
smp-30,0
CG14855,0
CG14857,0
btsz,0.00230627968369736
CG3631,0.181112510025955
Rrp6,0.0360661463414015
CG33331,-0.0215688439456061
CG33332,0.0282264402862527
CycC,0.0189469662632984
CG3731,-0.224344944517236
CG7265,2.69862285337878e-06
Nup93-2,0.00720145989776134
CG3817,-0.00768308446033431
RpS5b,0
VhaPPA1-1,-0.137547714766496
Sdr,-0.0190053089039151
dpr9,0.954784506028575
CG6966,0.111253490333105
CG42788,-0.0231091700503909
mir-2493,0
GlyS,-0.0494496233698354
Gyc88E,-0.00749634502134944
Mf,0
CG6752,-0.0171726462951067
CG42542,-0.0412054179050714
Spn88Ea,0.172091812184798
CG4203,0.0230667284363766
CG6654,0.0659345024939676
SIDL,0.0348180751176944
CG12241,-0.046182430128043
Rpb7,0.0342972727696591
CG31344,0.176703111151572
Caf1,0.0917090539191995
Art3,0.0796659599057299
mRpS10,0.0418371696361606
CG34316,0.016628704610408
CR43471,0
tefu,0.016628704610408
Hsc70-4,0.208869606360091
CG42404,-0.0324777007429862
eIF-2gamma,0.0125713998249625
Su(var)3-9,0.0312974184999088
Set,-0.0904627256278483
Oscp,-0.132241965949086
CG14864,0.00865388601794076
Zip88E,-0.0554584768889699
Cp190,-0.0524882410073377
CG4338,-0.0178654581379467
MRG15,0.0900244836182175
l(3)neo43,-0.0142274302222041
Tm1,0.275431915888123
CG45218,0
Tm2,0
CG6276,-0.11819634029917
ear,-0.116760337944653
CG6236,-0.00846526417436207
ea,0
mRpL9,-0.0187661753195756
FK506-bp1,-0.0637912247637013
Sra-1,0.0459967875019185
CG6218,0.169783992482025
Aats-ser,0.0317237608104995
Surf4,0.107298678894429
CG31301,0.0175116280475635
Trs33,0.0261729678086335
CG5038,0.0084604926879125
Atg4b,-0.0178722834030191
CG5044,-0.16189511573819
ldlCp,0.198189594646767
Trax,-0.0194814153325527
CG6171,-0.213019795183991
CG34404,-0.0314316961953712
CG14868,0.109238906832313
CG6136,0.0959862197085815
Ccm3,-0.088163555447351
Rbp,-0.0436950090618213
Atx2,0.0266937487595471
CR45911,0.0251244702769662
AdamTS-A,0
Rh6,0.0594679652281422
Trissin,0
CG5205,0
AOX1,0
AOX3,0
pxb,0.235152944342216
CR43849,0
CG5399,0
CG5404,0.00730916138238707
CG4525,0.0331039341855874
CG9590,-0.088477079756985
CG9589,0.0331039341855874
c(3)G,0.0268734910767582
Acyp2,0.289760129995032
nsl1,-0.00736341194527734
CG9593,0
CR45891,0
alpha-Man-IIb,0.0733386869375875
rec,0
Arpc3A,-0.189018946198
ND23,-0.224219760193997
Pbp45,-0.0172202488997809
cv-d,0
Hmt-1,0.0725355144464095
CG31183,0
CG14877,0
glob1,0.0168393343261515
CG3303,0.0425832542722629
CG4221,0
blp,-0.016124488576115
Sap47,-0.198383594155953
CG4287,-0.00139463513700816
CG5516,-0.000615261903392
CG32856,-0.0739361460394678
Rbf2,0
mor,-0.0307823699193787
Hel89B,-0.0264936488060152
CG10407,0
ird5,0
CG5013,0.00717497501116367
msps,0.0506893238524019
Mhcl,-0.0868082333705591
CG32855,0
Akt1,-0.0053640159848789
CG5903,-0.308528200023231
CG5916,-0.183555445396146
Fer2,0.014677581881979
CG6006,-0.00700809161383565
Bin1,0.0466672653858527
sra,0.0177195327704801
CG6126,0.0487379666609594
CG31287,0
mtSSB,-0.0458534367493892
CR45639,0
CR45640,0
CR45641,0
CR45643,0
tara,0.0971280278305528
bor,0.00586335415538013
asun,0.0238868392360553
Mat89Ba,0.0187922352105584
gish,0.00864515897620882
Sulf1,0.0055120072318474
SF2,0.101333576483332
pad,0.023810589280163
CG14879,0
Manf,0.182353878967769
CG10311,-0.010887061717183
CG17931,0.000743035242461266
CG14880,0
CG17565,0.0384701913552274
CG14881,-0.0353978877236744
mRpS33,-0.2539965446429
ema,0.165851892869223
CG14894,-0.120053504425702
CG14882,-0.0334026709207881
Pak3,0.0357533395192936
CG10405,0
CG14883,-0.117045825429504
CG42232,0.0266567484473413
CSN5,-0.0572887032075278
Gyc-89Da,0.016628704610408
CR46029,0
Gyc-89Db,0.016628704610408
Dhfr,0.016628704610408
CG14898,-0.12796074372933
Der-2,0.0173882442062333
CG42342,-0.33425964695468
CG14903,-0.13143141497557
Scp2,0
CG14892,0.016628704610408
NPF,0
CG12783,0
CG10340,-0.182926611786568
Fas1,0.413633148113625
nonA-l,0.0994524144457137
CG10326,0.0750008081114713
CG10324,0.00768106781457923
Cctgamma,-0.0459069156782956
CG14906,-0.026902100300859
CG14907,0
Abd-B,0
Ahcy89E,0
CG18622,0.023796380821807
MESK4,0
CG3678,-0.0455610077502188
CG31274,0
CG17556,-0.0494459206671534
CG3534,-0.0335435469410795
CG16941,-0.00735457861960339
Irc,0.13950782001301
AdSL,-0.0226594831747599
CG18213,0.016628704610408
CG5220,0.0371479120145995
CG3995,0.107181612710785
Patr-1,0.0568764332248952
Dad,0.0379424539300041
Ns1,-0.0364839842178907
mRpS11,-0.10312213581859
Keap1,0.12900760265313
kuk,-0.014085753312752
GckIII,-0.0104589391939512
cal1,0.109354155072406
cher,0
TwdlW,0
m-cup,0.0221759925751249
Det,0.0103943771179712
CG5285,0.114533631308642
CG5292,0.202628178198422
Mur89F,0
CG31262,0
beat-IIb,0.09416852981811
CG44259,0
CG44257,-0.0254610610570078
beat-IIa,-0.383959197615245
CR44256,0
Brf,0.0304554387439035
lute,-0.0348587015035996
CR43196,0
sds22,-0.136237211109413
CREG,-0.0045736791070672
Sur-8,-0.102517639250016
CG34279,0
CG42821,0
Dscam3,0.247457631321862
CG5823,0.0856470773669627
P5cr-2,0.016628704610408
l(3)07882,-0.000806655010788554
SF1,0.0912719416982594
Prx3,-0.120489577324909
Hmx,-0.0175514214608507
sll,0.00303532857073639
CG14329,0
Edg91,0
CG14327,0
CG14323,0
AttD,0
CR45223,0
CG14322,-0.0293951656914801
CR45045,0
CG7523,0.0750602686890964
ald,-0.0140075046027487
alt,-0.0361430365448765
CG7655,0.0120999778935031
CG31251,-0.0127986377026128
CG31360,0.0377010244944901
CG31249,0.061458848703529
osa,0.00552762657792655
CR46036,0
CR46035,0
Lgr1,0
CG14321,0.133681882779539
TyrRII,0.016628704610408
TyrR,0.494869918753028
CG43102,-0.0369537778171344
CG7713,0.0366642651403324
CG7379,-0.00458674134095535
CG17803,0
CG17806,0.0786308000642847
CG17802,0.0489227613876246
CG7357,0.0652725225811642
CG18012,0.062226332245367
tinc,0.0247820781736346
Rim,0.119970829513197
cpo,0.609900875313354
DNaseII,0.329779775299027
CG7785,-0.0751457172487826
CG7794,0
htl,0.146043884039812
sr,0.236126004400573
CG7218,0.11343343967442
Cbp20,-0.121891276369069
PP2A-B',-0.0292966083670344
cdm,-0.0344397124064945
CG7208,0
Arp5,-0.00339570010011402
CG12321,-0.0344890136345996
MED17,-0.00101320422612077
Ssdp,0.166309850604519
CG7985,-0.0331682024955634
CG44158,0
CG14314,0.0532228317993154
CG7183,-0.0442130294593253
CG7988,-0.0666804935491661
mTerf5,-0.0147350382710812
Non3,0.0943271074114159
CG7168,0.0334969507703782
Mdh2,-0.244979958095363
repo,0.0630460503352294
CG7156,-0.00375766482046792
14-3-3epsilon,-0.0473383470102461
CG12320,0.0802119051507496
CG18598,0.100642061227926
Ada2a,0
Rpb4,0
CG18599,0
Vps39,0.0153215130364273
eIF-1A,-0.0796926175058028
CG14312,-0.189206186394012
CG8064,0.0285231235350543
CG7131,0
l(3)05822,0.125019693223954
Dlc90F,0.0240057511226679
CG18600,0.0355284619994351
PKD,0.244737210848605
CG31235,0.392874285671951
CG15803,0.105168849549398
Nup43,-0.0548037472698971
gl,0
Vha100-2,0.016628704610408
CG44009,0.0596339512938015
CG12333,-0.0518494062266696
koko,0.0643964145862092
CG7685,0.0807205093963584
CG31122,0.0813832808012185
CG10864,0
fru,-1.30650385190685
CG7694,0.112559243983918
fray,-0.0306599247442804
qin,0
CG14301,-0.0184263523036082
CG31224,-0.0160488806621176
CstF-64,0.00201725423185377
Cpsf73,0.0343104405147075
Gos28,0.0630956839132636
CG31231,0.016628704610408
CG31229,-0.131818403655012
CG7702,0.016628704610408
CG7705,0.0855810380722446
CG7706,0.0784503011558862
CG7708,0.398139201149625
Muc91C,0
CR45996,0
Cha,-0.0747718492698236
VAChT,-0.0486908066354613
CG34283,0
Mekk1,-0.00886517302580295
CG7718,-0.048959514511635
CG14299,-0.00744022352851046
CG7720,0
CG18208,-0.711233333048366
CG14298,0
EndoA,-0.395985612575188
CG14291,0.0031501754840097
Xrp1,0.488453643736102
Mpc1,0.0277728082648596
CG42613,-0.829082039301634
CG12269,-0.0697455606833646
Smu1,-0.0889199362113181
dnk,-0.0325161878702275
snRNP-U1-C,-0.0429371263039802
gukh,-0.0283570039077249
CG6005,0.0159436317652942
CG14286,0.0306478073311296
CG14285,0.0331039341855874
gatA,-0.0467017862312472
NP15.6,-0.0250172562939235
P5cr,-0.0172632209067937
Prp18,0.0207700828753506
CG6013,-0.0441347285555568
cdi,-0.234818306693741
mRpL55,-0.34312636751953
ATPsyn-d,-0.166615302067439
CG6040,0.0826604633541987
Cyp12a5,0
Cyp12a4,0.0854798298290744
Ppcs,-0.189813088767898
CG5835,0.00743889329419523
CR44107,-0.00637104961521128
CG11779,-0.156921200666515
CG42358,-0.0818737484020517
CG42359,-0.0219846369980636
sqz,0.0327985090312374
CG5555,0.0404342385004764
CG31475,2.24418162160744
cry,0.058029614220958
vib,0.0960017849169638
CG3773,0.03640933868145
unc79,0.265605775765687
Dl,0
Ino80,-0.000532289817559061
CG5316,0.00926196882921818
CG11626,0
CG31221,0.965547762905621
Dys,0.128316907872653
CG7342,0.00971393566336285
CG6231,0.0686562027712711
subdued,0.00643781953752828
CG34138,0.016628704610408
Vha13,-0.333671094388768
Nup58,0.0549483877339042
CG6195,0.0265530580137595
CG31220,0
CG6184,-0.00570643754315945
ort,-0.0666306338781537
Naam,-0.023558781062892
CG34286,0
GluClalpha,-0.339133823294716
CR43488,0
CG11391,0.016628704610408
CG11407,0.0728554060976137
CG11453,0
bnl,0
CG4662,0.114179765984501
Ire1,0.0242133795468194
CG11447,0.00708691078195499
CG4572,0.012653713846578
CG4686,-0.179274382248097
CG4562,0.0245361414302372
CG17186,-0.0181224616063332
Arc42,-0.0129205197361873
Pk92B,-0.0159060121613571
ninaE,-0.0590872222325751
CG4733,0
CG4538,-0.0629578979240979
Surf6,0.0209300827221598
RhoGAP92B,0.0572198770175698
CR45048,0
CG42508,0
CG4462,0.0331039341855874
CG4459,0.0331039341855874
Hs6st,0.769374552427657
mira,0.016628704610408
CG4783,0
MED25,0.0052022752058491
CG17190,0.016628704610408
CG4433,0.0322510027308595
psidin,-0.0149643154628939
CG4424,-0.0103460108330624
CG4854,0.0776827678018497
trem,-0.0394782089529594
CG4936,0.0494507629781994
CG10889,-0.00471102806108801
CG17193,-0.0428208921364301
CG4390,-0.0097716031181994
mdlc,0.0194708751983691
Rh3,-0.0099736421918341
CG5023,0
Nlg4,0.513726782502993
cic,-0.155077891423952
CG42668,-0.140061549381468
CG4360,-0.0166827119920825
CR45800,0
Sirt2,0.0224923552375331
Gfrl,-0.148557006840161
CG4288,0.0982937670757515
MtnE,0
Stat92E,-0.0234019076427504
att-ORFA,-0.0176152677903024
CG5180,0.0187147887090477
CG15922,0.0130817234894156
CG5191,0.0529853648090635
CG10877,0
TFAM,-0.0222482885837858
CG5412,-0.0932425260134574
EloB,0.209598626699733
Srp14,-0.0644180629629713
CG34008,0.016628704610408
CG16953,0.0488742018717669
Sep2,-0.0149422455927966
CR46044,0
Srp72,-0.0877190586191774
CG4159,-0.0343861477074902
bon,0.00527188502908266
CG15923,0
CG5466,0.30343530304216
H,-0.018281513141779
Pi3K92E,0.0221462008725834
Lrrk,0
Nep4,0.106657392762306
Oamb,-0.0655053317705327
Cdk2,-0.014883901823827
CG42322,-0.225366398043114
CG31200,0
Syp,0.0266886663752769
CG31195,0
Takl1,0
Fancd2,0
CG17270,0.285799407143432
CG17271,0.113314738580113
RpS20,0.13766821956112
snoRNA:Psi28S-2562,0
CG17272,-0.0767491791767866
AdSS,0.08620455547361
CR44047,0
CG31223,-0.0253729042269417
Synd,0.00659753723368756
RpS30,0.0282432125903397
Ir93a,0
CG3822,0.0717570877688904
TotA,-0.0238115130843606
CG10830,0.0406221828331044
CG5621,0
CG31191,-0.0188699741810699
hdly,-0.00190048549575906
Atpalpha,0
Calx,-0.173945360682782
CG5697,0
Rlip,-0.11840004749262
CG17278,-0.0169227125327698
Dhc93AB,0
CG7079,0
Mvl,0.0417507148418588
Cortactin,-0.00253866002885655
AnxB9,0.129545930975633
r-l,-0.00149326560612302
HHEX,0
RhoGAP93B,0.0937985756324891
CR44178,0.016628704610408
CG7044,-0.0155753398848901
CG5745,0.0215704440110994
Sec15,-0.0180175256646985
rtet,0.0185890108683621
Rab11,0.122274372454766
ppan,-0.0175111112862003
Bdbt,0.0382783609136884
slmb,-0.130316041569132
CG5793,0.0525824642775376
Ice2,0.0119499893881658
CG7009,-0.0290789149133805
Ubpy,0.0676699250585887
meigo,0.00726537510427156
SNF4Agamma,-0.0765561729145255
CG5810,0.016628704610408
Snmp1,0
CG5862,-0.0026423561045339
CR43975,0
CG3353,0.014266580630831
Oga,-0.024988347114437
CG3337,-0.0183727407482566
Nelf-A,-0.0141540606192728
e,0.332706441899062
CG5892,0
ETHR,0.016628704610408
Rab1,0.254576029905173
CR45798,0
AP-2sigma,-0.0370722414365098
CG5919,-0.121695140515818
CG3308,0.0271646785974979
CG3301,0.016628704610408
SIFaR,0.0421307075126069
Hsromega,0.475768126053558
CG16791,-0.301871362693734
mod(mdg4),-0.084695064848968
pre-mod(mdg4)-B,0
pre-mod(mdg4)-L,0
pre-mod(mdg4)-E,0
pre-mod(mdg4)-AB,0
pre-mod(mdg4)-U,-0.0138484950271845
pre-mod(mdg4)-W,0.0331039341855874
pre-mod(mdg4)-V,-0.00794163588353864
pre-mod(mdg4)-O,0
pre-mod(mdg4)-N,0.0331039341855874
CG7922,-0.0240040515678657
C15,0
CG7956,-0.0908227176625411
slou,0
InR,-0.282966236346844
CR43653,0
E2f1,-0.27119766150815
CR46055,0
CG6353,-0.0972339685973206
CG31176,0.00762214655171606
Sfp93F,0
GABA-B-R2,0.0565332440703133
RpI12,-0.0291466006654071
tsl,0
CASK,0.298017646633395
glec,0.333189664480847
CR45644,0
lsn,-0.0811370608614128
CG6569,0.016628704610408
Cby,0
CG31174,0.0690874396390763
CG31431,0
CG6656,0
CG34148,0.0264820418625129
dnd,0.016628704610408
CG6678,0
Eip93F,0.0374722063638724
CG6332,0
CG6439,-0.02919467213367
CG6455,-0.182711501200028
mRpL35,0.0218658804046649
CG6028,0.00269653590158334
Cchl,-0.288518822740021
ND42,-0.0903233293968828
CG13409,-0.0284656864052536
pit,-0.0498857677980639
Fadd,-0.00287699808074755
how,0.000677404249445425
CG13408,-0.0440380491587318
CG5778,0
CG5791,0
CG42390,-0.0211786277863825
SKIP,-0.0448377911197639
Gld2,0
CG7084,0.221105015864866
CG34377,0.016628704610408
CG5391,0
rdhB,-0.0364794737912843
Sar1,0.0799582963148391
PSR,-0.0607998732917726
CG5382,0.034766099274271
CG5380,0.0554200258818188
PyK,-0.233209928672115
CG7069,0.0246219188973827
CG18596,0.0521940788455994
CG34149,0.0390098031655269
CG43342,0.0184269763794066
CG43343,0.0387504712532996
CG5379,0.373844654676218
CG7059,0.097728650727965
CG13856,0
CG13850,-0.0877066117138893
lqfR,0.108806868334834
Nop56,0.0242501862831985
mats,-0.110183740376754
pinta,0.016628704610408
CG12499,-0.0166198891055006
CG34288,0
CG34376,0.0429850993655362
Rpn7,0.0275207042980484
AP-2mu,-0.0230358783741869
CG7054,0
CG5377,0.0345632827778991
Nrx-1,0.0290223380690364
CG7048,-0.179004237320559
T-cp1,-0.0394852913219124
CG7046,0
Octbeta1R,-0.154873928703377
CG5346,0.0357666113998765
CG5326,0
AdipoR,0.000567726120020906
bond,0
CSN6,0.063354054351665
Dph5,-0.0103751069280821
CG33107,0.0953479335901284
CG6937,0.0663078654677833
Efa6,-0.00223594717845692
CG31156,0.0400974304347758
CG13843,0
EF-G2,0.00122388200635106
CG31161,0.016628704610408
mRpL45,0.0788251649350501
loco,0.00442960322966642
wake,0.00826996665574641
Gclm,-0.055344623318445
wfs1,0.16142269781957
Nup133,-0.0347411130441721
Cyp6d4,0
wge,-0.0514136028258412
Irp-1A,-0.139770410230372
CG4813,0.091075631669125
CG45049,-0.139208654214811
Takl2,0.0331039341855874
Dcr-1,0
CG6985,0.016628704610408
vret,0
HP1c,0.000972740392332972
CG17141,-0.0530631997230053
rumi,0.0210852334790723
CG7029,0.0171273353141968
Usp12-46,0.0692960611568351
CG4723,0
CG4721,-0.000768605978284482
CG13841,0
CG43092,0
CR43654,0.016628704610408
klg,-0.640075884217153
CR46088,0
Nha2,0
CG13833,0
CG13838,0
CG17121,0.0282281269330504
p53,0.0801475909422672
CG17119,0
sav,0.0307025716129818
Ublcp1,-0.0421087301228301
CG17111,0
CG13830,0.334498050529317
Rassf,-0.0232209604824158
CenB1A,0.0284800124849327
CG31365,-0.022511442693432
CG31457,0.0585136970309744
unk,0.123569842609097
Irk1,0
cnc,-0.0358743007640802
CG4467,0.0120650078894755
CG4449,0.109975513771362
EloA,-0.0286375565067985
wda,0.0247298029037868
CG13827,-0.029957948805359
orb,0.0186578915149675
Cdc16,0.0125591943667608
CG6763,0.016628704610408
pnt,0.0347608101250191
DNApol-epsilon255,0
ATPsyn-Cf6,-0.258272093883999
Sec13,-0.224314028616318
RpS3,-0.0582766408941514
CG4408,0
CG4393,0.0778655721838556
Irk2,0.689169338021385
CG10177,0.016628704610408
CG10175,0
beat-IV,-0.215848516291191
CG10184,0.0331039341855874
CG31145,0.146299033350355
GILT3,0.389694936578216
GILT2,0.0837788754447894
eIF-3p66,0.0972551781313537
CG16710,0
SPE,0
CG10254,0.0353391746049694
prt,0
CG31414,0
CG10365,0.123180893759939
RNaseMRP:RNA,-0.00950445183039221
Rpn9,0.0492903487596001
Hmgcr,-0.0270442193927454
CR46091,0
RanBP3,-0.00973264333257513
Rpt5,0.00429702833799645
Hrd3,-0.0140876979776724
Plip,-0.0587344388522977
CG10219,0.244640871066694
CG10217,0.049949439936028
Lsd-1,0
CG10214,-0.0602914149739887
CG10375,-0.166217979963538
tst,-0.00484310070806291
CG10208,-0.00755100354255929
Nup98-96,-0.058200379181071
mbc,0.0160701358763828
CG33111,0.011144098424054
CG34355,-0.0765797614028168
eIF4G2,-0.133020675444176
Pli,0.378401556716103
TfIIA-S,-0.0719584416163627
sba,-0.0410272259207297
Ndc1,0.000833985248787562
CG13601,0.0141749245093128
CG31142,0.0678466814863625
Rpt2,-0.035770026242934
CG13599,0
CG5854,-0.00814700500591096
Gdh,0.286478862251803
Aats-glupro,0.0268353148944423
AP-1sigma,-0.119286272086822
CG31140,0.0405942990309622
CR31451,0.179119194054423
CG13603,0.161210736544615
CG5902,0.159618998886283
CG13604,-0.0121074584972292
Rab7,0.332753887959526
CG33108,0.0364058420878031
LSm3,0.0105581643482398
KrT95D,0.0899097413840709
Ime4,-0.0243469080591977
Miro,-0.0111741892237378
spas,0.065372997040965
Rox8,-0.0243462449871708
CG5986,-0.0548024261843896
Atg6,0.0728977943257804
CG5991,0.0192610098306013
CR44097,0
CG6000,0.016628704610408
Hsp68,1.25329506403183
SMC1,0.0645598260492265
4EHP,0.127335240179334
Syx1A,0.0790803841338922
CG10694,0
CG18428,0.236550753675562
CG13605,0.0316113524852768
CG5463,-0.00530124662550037
Tsc1,-0.0644978662650204
Sec10,-0.0256633418261194
Npc2f,0
Kal1,0
Slimp,-0.0232935673356066
p38a,0
CG6178,-0.0102806322385718
Myo95E,0.137058957746511
CG6182,-0.0285080268396777
mRpS24,-0.21373909365727
CG5510,-0.00208104606232052
CG13606,0.016628704610408
CHORD,-0.0541423497408084
CG5515,0.0913342412346861
jnj,0.0191681431684327
CG6204,-0.0150762468923984
twin,0.0445001464194258
CG17786,-0.00155593817203549
cav,0.0118821324955317
Spps,-0.012816872053793
CG13609,-0.0287022812243442
Spase22-23,0.205449984911292
Acp95EF,0
CR45217,0
mask,-0.112879397444649
CR44092,-0.0197172955078506
CG5706,-0.0917460170374028
jar,0.0624182664349354
Orct2,-0.0416544713276118
Orct,-0.00888061954133329
CG6356,0.0650909307456492
CG6364,-0.0605280556676005
crb,0.00250822891479189
Nab2,0.0729611767602162
CR46093,0.016628704610408
BRWD3,-0.0420671007573279
CG5728,-0.0107899787593048
Dis3,-0.0233877081742549
Ms,0.0984283560800953
CG5746,0.032050838443301
CG6454,0.048773686708496
Golgin84,0.132077397994322
CG18528,-0.0184351542705332
CG5768,0.016628704610408
nAChRalpha1,-0.0309571135577159
nAChRalpha2,-0.0336209821986491
nAChRbeta2,0.091409622193766
Pp1alpha-96A,-0.100561847545682
CR44021,0
CG13622,0
CG6607,0.0596600283156788
CG13623,-0.317712144258909
ana1,0
CG5789,0
Esyt2,1.25033095830348
CG13624,0.0161320374042312
CR46094,0
CG13625,-0.073332060655819
mld,0.00941448753192426
Syx18,0.0779108021639686
atl,0.0459674518036997
Wsck,0.0160966071640046
CG43222,-0.232876911378482
puf,-0.00761502376491524
ash2,-0.0251811755807305
CG31125,0.00506380168484473
CG6695,-0.0227096750234142
CG31126,-0.184809910749193
Ppox,-0.0252181643672374
slo,-0.079617292704765
CG13627,0
Rpb10,-0.0370499832497285
CG13630,-0.0240948228129707
tok,-0.0404973617650653
tld,0
AstA,-0.118990243433091
CG13631,0.0826120375854487
CG42331,0
CG5805,-0.12037903042224
Ets96B,0
Ude,0
polybromo,0.0348400100497756
CG5807,0.0161849446395378
CG34150,-0.106207303497597
CG5808,-0.0341903479560875
CR46096,0
Saf-B,0.0928562221763329
RabX4,0.287497900103846
CG31357,0.189089772275935
CG43273,0.0777261702528628
sosie,-0.0682789953130724
Esp,0
CG7006,-0.0508804547104361
nct,0.0623836308614446
HdacX,0.0129000365258373
CG13639,0
CG13640,0
Ela,0.0324989045321853
CycB3,0
CG3744,-0.0816633867437094
CG31381,0
CG11089,-0.0149481696621604
CG31121,0
CG13643,0
PIG-S,-0.0642246199419142
CG44254,-0.00854252184443486
CG11168,0.017767442136024
Mink,0
Trf4-2,0
CG11771,-0.0265160875296216
Osbp,0.011537437983024
ssh,0.0317126932591408
Nmnat,0.0071315828784484
CG13646,0
tnc,0
beta4GalT7,0.00705049357679429
CG11781,0.0749990117734103
Hr96,0.106452567036427
Smg6,0.0277571445103124
CG6422,0.357968682378738
bai,0.112387374898832
5PtaseI,-0.0602126702621093
CG11790,0.0972319065804313
CG11791,0.169871208999424
CG31109,0.0957458339229326
CG31111,-0.0464390246189298
Unc-13-4B,0
veli,0.164386314001598
PQBP1,0.0685713280663796
OstStt3,0.0362662168260021
CG11839,-0.0851183104949995
CG11836,0
CG9996,-0.0139696333236321
CG11920,-0.0254701731839662
CG33096,0.0673284612465381
CG45095,0
CG34027,0
CG13650,0.0253848811590494
CG31108,0.219865663160559
CG31510,0.16469187342009
vig2,-0.0461059497541838
Clbn,0.053503105167075
Bili,-0.0193948535008246
danr,0.0683963057097362
dan,0
Cad96Ca,0.016628704610408
CG13654,-0.0294371090548531
CG13663,-0.0284348559408048
CG31103,0
CG11851,0.015480401641558
CG10420,0.0955373606864063
CG11852,0.016628704610408
RpS27,0.024495087299981
Nup37,0.00411108496012152
Nup358,0.0233251260352284
CG11857,0.151785870069312
CG10425,-0.00887804481481919
CG11858,-0.0269589990017712
Aats-gln,0.0212928137029849
RIOK2,-0.0549667705953399
CR45214,0
CG11878,0
CG10513,0.0400534309714377
CG10514,0.103680306774468
CG11892,-0.0099736421918341
CG31300,0.0494288240037281
CG11893,0
CG31098,-0.0942004529691821
CG31102,0
CG13659,0
CG31370,0
CG31436,0.016628704610408
CG10550,0.0328122428234614
CG10553,0
CG10562,0
CHKov1,0.0219412046262966
CHKov2,0.0615825245657895
CG10669,-0.065956511914499
CG11902,0.016635491621182
tobi,0
Fur1,0.0383200801121453
alrm,0.9726283234311
Vps33B,-0.00796431402982294
CG4553,-0.00800665700047147
MED28,0.0443113643805267
XNP,0.00530063383324289
CG5116,0.0184269763794066
Dhap-at,0.00692565231566489
CR44179,0.0522419491153271
CG5112,-0.0409419600883619
CG33494,0
msi,0.080780326269817
CG4582,0
CR45910,0
Npl4,0.0341113655400345
CG5079,0.0817025869237125
CG5071,0.016628704610408
Ssadh,0.236714317628371
jigr1,0.345924594114103
CR45917,0
Tnks,-0.0266980631930126
CR45208,0
RASSF8,-0.0771444661615
Lgr3,0
CR45225,0
CG4730,0.0236166433535145
CG5039,0.0118271080760374
CG4743,-0.100821639490197
CG5028,-0.195404248435401
RpL27,0.191158796237592
CLS,-0.0304603651415604
LpR2,-0.138739056269801
LpR1,-0.414157277349851
CR43631,0
CG5886,0.0310465213247678
CG5890,0.984344140908537
Tsp96F,0.551246849194677
SppL,0.057952023006514
Lnk,0.0493485732068188
CG5913,-0.024968599899778
CG5948,0
MCO3,0
CR43259,-0.00488558331374826
CG42235,0.162927783664085
CCAP-R,0
boss,0
CG42261,-0.082556728630805
Nf1,0.030205693033144
E(spl)mbeta-HLH,0.00388244367714156
E(spl)m3-HLH,0.00335921060366743
E(spl)m6-BFM,0
E(spl)m7-HLH,0
gro,0.0586763472098518
Exo84,0.07242772865509
Vps2,-0.0709851968463361
Dak1,-0.233663937959837
Sld5,0.00762214655171606
CG14543,0.0114932488016564
RpL34a,-0.0154338286570574
CG14544,0.016628704610408
CG31324,0.144878498421976
CR46060,0
CG14556,0
CG6142,0
CG31323,-0.00968565429487886
CG6073,0.0482545157823063
CR44320,0.016628704610408
CG12290,0.182305076114193
CR46061,0
Ald,-0.531879160444596
CR44321,0
CG6154,0.217605494263622
CG33970,0.0331039341855874
CR42765,0
tx,0
CG5447,0.0120171133384987
CG43117,0.00766952868309314
Pdf,0.119185958180111
CG14237,0
CG5455,0.102596282410484
plum,0.0390716661655938
scrib,0.0729593427882352
CR46084,0
CR44951,0
beat-VII,-0.464858404137303
amon,0.140210452189298
CG6425,-0.0198607078497545
CG5484,0.0217536680868099
CG6420,-0.084189609890859
CG14246,0
CG42789,0
Tl,-0.174975283218982
Lerp,0.232764482138916
CR46073,0
IntS12,0.0490634715597145
ball,0.0278272727928133
His2Av,0.207035473592301
BM-40-SPARC,0.291563192972808
Rb97D,0.22084573735817
CG5500,0.121614254071693
ro,0
T48,0.0265749327285372
Ets97D,-0.0338015995320666
sda,-0.0222118533161229
CG14252,0.0841025777588612
CG6330,0.308978892207481
Tsp97E,-0.167862658539039
CG5521,0.0905479740523807
CG14253,0
CG31075,0.00841330650499011
TwdlC,0
RYa-R,0
TwdlT,0
spz,0.00871893977643597
CG14257,0
CG14259,0
gb,-0.0287691984139173
CR45209,0
CG5815,0.0858834850857949
CG6066,-0.0234161930760645
CG5880,0.117761732069685
CG5882,0
CG6051,0.040666932472492
Men-b,-0.0157667999343946
grass,0.00719438705910368
CG5909,0
CG34293,-0.0508249276982944
CG42813,-0.151490464298706
CG31064,0.173315643929507
DNApol-alpha73,0
CG18766,0.0349454310852536
CG5987,0
TfIIA-L,0.0397467060483804
pll,0.016628704610408
woc,-0.0188583452356387
CG14260,0
l(3)mbt,-0.0217059265266092
CG5934,-0.001153757506393
CG5938,0.13158294239355
mrt,0.156999714638733
CG3368,-0.00887804481481919
bigmax,0.0327724641565004
Hmu,0.0140698181676273
CG3348,0.00316072313652213
CG42534,0
CR43476,0
side,0.217362272245632
Klp98A,0.152325673989994
CG5646,0.133990393911749
wdb,0.414019319095735
pins,0.22019135506356
dsd,-0.0647538292569108
Tusp,-0.0744349138875213
CG5612,0
CG5611,-0.073347967007902
Mtl,0.115206332780122
tau,-0.196619699762416
mir-1001,0
RpS10a,0
unc80,-0.0607979164352564
CG5590,0.0114854418693439
CG12883,-0.0195794613962307
Sce,0.0531516583649255
CG12880,0
CG43320,-0.0271258841340299
ALiX,0.0444835662223996
btz,0.0262257811688277
CG12428,0.0107631489723132
CG12877,0.0203929770308689
Ets98B,0
CG34353,-0.147851026780319
CG12426,0
mil,0
CG5003,-0.0419556165523711
mRpS22,-0.0675506395082463
CG33213,0.0670599297949678
CG12259,0.0236925310831764
BCAS2,-0.065548930296739
RpL4,-0.0627057166777712
CR45566,0.0262845232747695
mino,0.0740627793626129
Mes-4,0.0208203088019785
CG5514,0.0404258060391932
mfrn,0.014940040558471
Gp93,0.0503087574187196
CG4951,-0.0338526616360236
CG4849,0.0518584087902984
betaTub97EF,0.0320062837287907
CG34362,0.418173894701438
CG34354,1.06038290963728
larp,-0.00230709135977114
CR46104,-0.00326095246818623
Gfat2,-0.0315164156490818
Moca-cyp,0.0180822774516994
CR46105,0
beat-VI,1.3205453863495
CG31051,0.230928318584122
CG12413,0.00936103603699151
fkh,-0.0429715879689895
MRE23,-0.0143629291461115
Noa36,-0.0513731140177876
Hrb98DE,0.0349146690987144
snoRNA:Psi28S-3405a,0
snoRNA:Psi28S-3305a,0
snoRNA:Psi28S-3305c,0
CG9986,-0.0911207522413012
CG10011,-0.200213267591877
CG9990,0
htt,0.0165308352607935
AstA-R2,0
CheB98a,0
wdn,-0.0225362143314647
CG1646,-0.0356845051255032
CG1523,0.0120826616822748
CG1647,0.0368352997072486
WASp,0.0258773589917204
Apc,-0.0945499157232625
spg,-0.0416207065074645
Inx3,0.0937337348322885
CG33203,0.0604256374178202
CG14529,0
CG14523,0
CG14526,0
Doa,0.112914455992032
CG11828,0
CG14521,0.0692481557554621
CR45669,0.016628704610408
wat,0
CG14518,0
eIF4E-6,0
CG1951,-0.027181750294993
Ssl2,0
beta4GalNAcTB,-0.00704106416370661
Cpsf100,-0.0220238951660735
Slu7,-0.0914870945446744
Pkc98E,-0.0149096402215797
CG11837,-0.02619998295992
CR46107,0.0331039341855874
Sirt7,0.100751522519113
Cul5,-0.0471917259803969
CG11873,0.0666732574252981
CR45030,0
alpha-Man-Ib,0.0953242810357418
CG11876,-0.238341867778801
Atg14,-0.0753663455469484
yem,-0.0341361962025303
CG11880,0.0130267678636618
dgt6,0
Vha100-1,-0.057393017357759
CG14512,0.0398076545247602
CG14516,0
CG14511,0
CG11882,0.103642659914995
Pglym78,-0.366336884400477
ligatin,0.0258736463952842
Slbp,-0.0978713521177308
Rpn2,-0.0197997615747083
CG11897,-0.0171204285401641
CG11898,0
CG14509,1.10237449786898
CG11899,-0.00854252184443486
Mesh1,-0.0315781940920432
CG14508,0
CR31044,0.016628704610408
Ef1gamma,0.0171707561264908
Cisd2,-0.131466888870554
Brd8,0.0446479389766408
CG15817,0.0616329742175699
SP1029,0.0515008523843904
stg,0
Cnx99A,0.0959298181611492
Ptp99A,0.153139791271815
CG2321,0
CG2006,-0.0181073720545629
Spase12,0.0507586885439602
CG2310,0.0962715461966572
CG2010,0
Trc8,0.0864960483380183
Dr,0.016628704610408
CG31041,0
alph,-0.0258889688649096
CG7568,0
CG1907,-0.0992722899849316
Dop1R2,-0.0569082431849789
ppk21,0
Obp99a,0
Bub3,0.260990613864099
Cap-D2,0
CG7582,0.753733359748088
Gycalpha99B,-0.215529049356665
Obp99c,0
dmrt99B,0.016628704610408
CG15506,0
Pcd,0.0516657420744021
CG7593,-0.00424307914720851
CG18731,0.111785607451258
Kul,0.156267042385116
CG7601,0
CG7598,0.0592791106197837
CG1969,0.189244011732468
CG7609,-0.0433643796769624
IntS11,0.0364491790851824
ATPsyn-gamma,-0.21250307335158
yata,0.032686512401665
CR44953,0
kay,0.0501029715664761
CR46110,0
CG7837,-0.0190566234676723
Drice,-0.0252419260677505
CG7834,0.0257612090314332
CG7789,0.00578484353935538
ncd,-0.00957886479954138
ca,0.0271435597324996
Vps16B,-0.00346989851039918
Atg16,0.0253341190754751
Cad99C,0
dgt1,-0.0696449080722057
CG7824,0
CR31032,0.0445259661219636
CG15514,0.143680473668126
RpS8,-0.0806415623454113
Zip99C,0.178361750274444
CG34133,-0.00792586648081606
CG31038,-0.005622830203584
Capa,0
trp,0
CG15522,-0.28538145435464
CG31202,0
Cog7,0.117054539518521
eIF2B-alpha,0.030761345522663
CG15523,-0.0121788856321236
TkR99D,0.0150580971923771
Acph-1,-0.00793935344525182
CG7903,-0.0991681347644686
Sas-6,-0.0167841178145533
CG15525,-0.0312636277464269
CG11504,-0.0594377179501804
Tace,0.281270352154493
CG7911,-0.0428774512971872
Nlp,-0.193618913418187
CG7920,-0.053982735004865
Mgat2,0.151102247849698
Axn,-0.0639801694117089
CG7928,0.011144098424054
janB,-0.0211746142033386
janA,-0.00779795871233119
Sry-delta,0.0923127075097729
RpL32,-0.123648024450165
CG7943,-0.178543482701273
CG15528,0
CR44046,0
CG7946,-0.043147712282318
spn-A,-0.000619169540825014
sima,0.041570740040091
CG31029,0
Tpi,-0.178279862402712
AdoR,0.00220441241085281
CG15529,0
CG31030,-0.0333894126179818
Mlc2,0
CG1983,-0.107361437323964
Bet5,0.136406003110487
CG9747,0
CG9743,-0.0116026327558066
RpS7,-0.0323825069578639
snoRNA:Psi28S-2149,0
snoRNA:Psi18S-1377a,0
CecA1,0.016628704610408
CecA2,0.016628704610408
CecB,0
CecC,0.00650443534502714
CG43448,0
hdc,-0.0476470223110355
Fer1HCH,0.448616399717912
Fer2LCH,0.314690380314842
CG15535,-0.0219608732107015
mRpS18C,-0.038026132853655
CG15536,0.0215234822162361
CG2218,-0.0369371972040038
CG15537,-0.0993418682379952
aralar1,0.800940909751615
CG2224,-0.0936928935412802
CDase,0.30950051389579
PH4alphaEFB,0.18386876217034
spdo,0.016628704610408
PH4alphaNE1,0
jdp,-0.13139433115999
CR45552,0
tmod,0.0131775515080264
CG34155,0.0162606113438814
Rpt6R,0
CG2246,0.0625118758502321
CG31019,0
CR45191,0
zfh1,0.0166271297228744
wts,0.0764996314546824
dj-1beta,-0.00884906934293381
cindr,-0.750911967239085
CG15544,0
CG15545,0
CG15546,0
CG12071,0.0673185402049677
CG15547,-0.0300085518071112
Sap-r,0.0154561059854585
Ptx1,0
5-HT7,0.00237875417507069
CG31007,0
CanA1,0
Aph-4,0.0511728806990236
l(3)03670,-0.294523890610428
dco,0.0599325091021324
CG11317,0.316145267454838
CG15553,0
Gycbeta100B,0.0324032624106993
stops,-0.00428350493676174
mesh,0
CG1544,0
chp,0
CG1542,-0.0264960649681383
CG15561,0.0344704133245125
CG1746,-0.201737017568032
RNaseP:RNA,-0.0328571718972289
CG12054,-0.0142849535166188
qless,-0.0249887689144549
mRpL32,0.0298060855379056
CG1750,0.0176509829055185
spn-F,0.00709518000232742
CG34347,0.17139673113424
CG1607,0.0104048617922862
Gcn2,-0.0136622126038517
CG11337,0.0345238899661785
Gprk2,0.411684113342415
lox,0.0494288240037281
CG11334,0.0112509704541424
gammaCOP,-0.0819723888685616
pygo,0.0466845552726467
rod,0
CR45190,0
CG1635,-0.130190569868862
CG1638,0
CG1774,0
RpL6,0.0397221030975656
CycG,0.20570163848999
Med,0.0593334688794099
CG11539,0.086543316639862
CG1792,0.115716955675423
pasha,-0.0192951094981754
kek6,0.146518795937555
CG1815,0.002156767687169
ttk,-0.0204830905101443
CstF-50,0.0165405259688638
CG11563,0.108964705438801
Ef1alpha100E,0.414835329285068
CG1890,0
CG1896,0.0602245016232938
awd,0.088456139067501
nero,-0.00574450074317875
CG1910,0.0292432195576286
pncr017:3R,0
CG2135,-0.0433452514883277
sip3,-0.00854980469379872
CG2126,0.0343976248184858
faf,0.072450804494064
CG2118,0
Acf1,0.0218021432021608
CG42233,0.0691344355587675
CG1971,0.016628704610408
CG11576,-0.00962396659632144
FeCH,0.0184354260881932
RhoGAP100F,-0.186057943844074
heph,0.199735772311399
CG2003,0
CR45557,0
krz,-0.0248931588540465
mod,0.187272103360999
Map205,0.0229658188819967
CR45401,0
Pdk1,0.0317095914131135
CR45805,0.016628704610408
CG6845,0
Dic61B,0
p130CAS,0.133130509838964
CG7049,-0.0705974872962423
CR45806,0
Vdup1,0
Mtch,-0.0640741378952247
rno,-0.105355412399763
mri,0.144274445597559
Gyk,-0.0550328677698376
NitFhit,0.0553589324539088
CG13876,0.0473748757429353
CG7028,0.072989893978524
thoc7,-0.0220272188496755
CG16940,-0.0174026045929337
Kaz1-ORFB,0
pyx,0
CG13877,0.00665506241857401
CG33229,0.249164727387914
CR42862,0.0866546539483316
CG42846,0
CG34454,0
CG34453,0
E(bx),0.128222022985349
mthl14,0
DIP2,0.140819376236567
wac,0.0124691038452216
Tudor-SN,0.0979289669297405
snoRNA:Tudor-SN-a,0.016628704610408
mRpL17,-0.0658463594439744
CG34263,0
miple,0.240802131053652
miple2,-0.0778358160839612
CG32845,0
ttm2,0.016628704610408
RhoGEF3,0.0510287478208019
fwd,0.107458588061832
CG32344,-0.010632285810335
Atac3,-0.0190542543768091
Ptpmeg,0.0681529829320899
mthl10,0
mth,0
CG1231,-0.0634933822240902
Cdc5,-0.0122192520524641
Roc1b,0
CG1233,0.012653713846578
klar,0.0902592226991964
CG17180,-0.0217381971808818
Cypl,-0.0181499766708993
hipk,-0.0914894811470469
MED14,-0.00659000368348153
CG13893,0.0894470729980228
Reg-2,0
CR42719,0.016628704610408
CG43337,0
CR43334,0.0372937047553282
CR43423,0.016628704610408
Gale,-0.134018154048989
CG3402,0.0449582881364394
MED30,0.0544092006434454
Rev1,0.0643933243473997
CG17129,0
CG3386,0.0915062763605363
ebd1,0.0335001141509188
RabX6,0.0235228170099211
Vti1,0.0114546503612629
CG13894,0.00365835752138621
CR44514,0.016628704610408
CG13895,-0.00849337032459887
CkIIalpha-i3,-0.0185552033762818
CG13896,-0.0141365725161481
CR43785,0
hng3,0.0179633744242898
emc,0.21871921936693
CG13898,-0.00302851671530281
CR43883,0.016628704610408
CG13900,0.0404222659450361
snoRNA:Psi18S-1086,0
CG42553,0.0735615686382054
CG42554,0.117620276701245
CG13901,0.0534649180543813
CG13887,0.0802831175961124
CG13902,-0.0414598264988514
CG13890,0.0700206901091733
dpr20,0.161724809241764
CG12502,0.957622697217797
CG32479,-0.0738048873262724
CG13907,-0.071459492187825
CG34056,0
CG34057,0
nerfin-1,0
Glut1,0.565501374531316
CG12038,0.144268510145844
trio,0.0316456381780142
CG9205,-0.0287619471591147
bab1,0.107865925342311
bab2,0.531343052812465
Trh,0.016215216602197
Aplip1,0.136753590530983
CG32335,0
CG9119,-0.00385438589973621
Psf1,0.0331039341855874
Sac1,0.127613827555999
CG9134,0.0975314089350132
CG32333,-0.129886831944704
Rabex-5,0.000398655412691714
scf,0.253377032779022
Rac1,0
CG9149,-0.0297068715032398
CG2277,-0.0294618865636539
CG2469,-0.10228572169673
CG9186,-0.0656460255322385
CG9153,0.0699391298098964
mtacp1,-0.0459919463744521
msd1,0
msd5,-0.00408084449387933
CG2211,0.000232284515753936
l(3)02640,-0.13448621118557
CG2199,0.0263861067895943
Ptp61F,0.0424816684235793
CG9166,-0.0875842018948022
ru,-0.00898583148182857
rho,0.154863210236766
stet,0
robl62A,0
CR43701,0
CG12084,-0.0161261972879412
pUf68,0.331265726137663
Psa,0.0561503799059261
cue,-0.0766090282068736
CG12090,0.0541399877734312
Ir62a,0
CG12091,-0.00509369954430888
CG7852,0.00691015559918203
CG32313,0
Cct1,-0.266168088287145
CR45813,0
Cct2,0.0230788681264708
CG12099,0.0584314281296558
Pex10,0.00658019228718086
CG7879,0.028809720122549
CG12004,0.239409642839411
CG13917,-0.259493001931486
CG12104,0.106686820176118
CG33791,0
CG12105,0.016628704610408
CG13926,0.00239946672442689
CG33230,0.0239512764783958
ABCB7,-0.202360554162001
GC,-0.00443744826086089
CG13928,0.404230117598611
nSyb,-0.104889908512843
metl,0.0838133929098326
Bgb,0.0103952399682808
alphaCOP,0.0180363085603303
CG13919,0.0347550734297161
CG17249,0.00877400324295228
Bro,0
CR45815,0.016628704610408
CG13920,0.400979161695923
CG7967,0.0542255563944565
CG7970,-0.00971821213495142
CG7971,-0.137035459466129
CG7974,-0.13156204965779
Uhg7,0.0172869475912846
RpL23A,0.118079032191842
RabX5,0
CG7991,-0.00284495018363614
CG12011,0
CG13931,0
drpr,-0.0300824825041615
CG18171,0
Oseg4,0
Gk,-0.0189825170335074
CG13921,0.145234558965668
Cht2,0
CG8001,-0.0820855372622611
CG13933,0.192121352199556
CR44351,0
CG12018,-0.0298641919715267
CG2021,-0.0836802164739894
mRpL46,-0.0407875375811333
alpha-Spec,-0.0971266125905648
dlt,0.0651442247916359
Cdc37,-0.0718130748983402
Patj,0.154013587225669
JTBR,0.0255900956221767
CG42676,0.273214271279987
CR45687,0.0331039341855874
GV1,0
Cpr62Ba,0
Cpr62Bb,0.016628704610408
CG12024,-0.103081027553114
R,-0.00593484893763353
HBS1,0.0546584151087029
CG12025,0.0768026608516109
CG13924,0
dre4,-0.0121498519840714
CG13937,0.0826258666804774
Aprt,0.0357319920351396
Dbx,0
CG5687,0.016628704610408
Mfap1,-0.00786461341462682
mu2,-0.0151986123499306
Cnb,0
mv,0.00107372201448171
SCOT,0.0237637831123361
CR45827,0.016628704610408
CG1927,0.0970715311670671
sls,0
CR42860,0
zormin,0.0494288240037281
CG15879,0
CG5704,0
CG5707,0
Oseg2,0
CG9018,0.0907794058408431
CG1275,0.082534900635334
CG2034,0.0609322828493128
oxt,0.209059862547971
CG13807,-0.0559936076390808
ecd,-0.00735457861960339
yellow-g,0
MsR2,0.104457350023676
MsR1,0.140733243478461
CG1317,-0.0307973804935687
CG8993,-0.0947217591306231
mRpL23,-0.0589905337949634
CG9004,-0.0373222660639195
CG15877,-0.0161362072222118
CG45186,0.0141761881317309
CG42787,0
CG1146,0.000418877656783788
CG16758,-0.0156499603544815
Spn,0.401882971702867
CR45170,0
msn,-0.0364833977274431
RpL8,-0.0365878708026802
dos,-0.0108587644635064
CG16984,0.016628704610408
CG12182,0.0128737373858793
CG16985,-0.027051116638518
CG16986,-0.117375281532591
Pxn,0.599927418324363
CR45660,0.0331039341855874
MEP-1,0.000677404249445425
CG1143,0
Aats-pro,0.0229136689963418
Fife,-0.21580428086426
Mrtf,0.0508812559132877
Non2,-0.172265392241874
CG9977,-0.0986744588619908
CG12093,0.0565000568338093
Atg2,0.00119999908933437
mRpS35,-0.113402150087914
pgant6,0.0376052102910774
Tet,-0.162156044714685
spz5,0
Shab,-0.12516099468049
Or63a,-0.0130688215464453
CG2107,0
FMRFaR,-0.0339092790899114
CG2162,0.107902022147155
Jafrac2,-0.0405991963559582
scramb2,0.0853281491011849
Sk2,-0.0527592728907405
CG32485,-0.0599282995473855
CG1271,0.0176323334759329
CG16753,0.0847642393385789
CG32486,0.292927202262768
CG11486,0.36593727263786
CG45066,0
CG45067,0
prominin-like,0.125747356077532
CG11537,-0.261661908920485
CR45819,0
CG1291,0.0824532649555483
CG12082,0.0297986723564003
BtbVII,-0.0702497568913338
NDUFS3,-0.377604688653363
pfk,0.0480685049245238
rasp,0
Asciz,0.0284788995174562
CG32280,0.275983614000391
CG32278,-0.184845742800213
CG32281,-0.04956225886111
CG14963,0
Girdin,0.10648471851217
CG42494,0
CG32284,0
CG14965,-0.00849337032459887
Hsp83,1.00306278137183
CG14966,-0.0636622264380267
CG32276,0.0566970228357148
gry,-0.0573000296172151
CG14967,0.016852520052624
CG12034,0.0942044906941042
RpL28,-0.0437041070729074
CG17737,-0.0903989942863762
CG11505,-0.153104053878439
CG17746,-0.0224372887784021
CG14968,0.0314702183901626
ZnT63C,0.053750346535558
Drsl2,0
Drsl5,0
PIG-C,0.0279677523588637
Strip,0.199396392454375
PHGPx,-0.0448654249049721
CG14969,0.0549486596650736
kst,0
Drs,0
YT521-B,-0.0769783222519033
CG12010,0.016628704610408
CG12012,-0.0992715681956319
CG12014,0.00819492912977221
CR45737,0
sty,-0.437477011543555
eIF5B,0.0255219663062539
armi,-0.012859720755199
CycJ,-0.0155549825959264
CG14971,0.0511603171977994
CG32267,0.288414495456747
CG42324,-0.00351912731328889
CG43074,0
ImpE2,0
Eip63E,-0.139937900631202
CG10359,0
CG32264,-0.208251030621102
CG32266,0
ntc,0.0269289412921081
IntS10,0.0353811071417412
CG32262,0.0454213644520807
CG12006,-0.0199722478106406
Scsalpha,-0.21108813433175
enc,0.00561311830841726
Rdh,-0.0933506976999994
Awh,0.016628704610408
Fie,-0.000657275769264582
snRNA:U11,0
Gr63a,0
CG14977,-0.0384855263646667
Ccz1,-0.0537193818623085
Ubi-p63E,-0.0429088484177496
Sc2,-0.00400530098754088
ida,-0.00991117724427098
mge,-0.192881383074226
Eip63F-1,0.150511910444999
CG10866,0.509274556071345
CG12766,0
CR43916,0
CG10863,0.1227701841198
CG14982,0.0478974222989989
CG14984,0
CG12605,-0.101487644899841
CG43915,0
scrt,-0.186901096934196
CG14985,0.0426714353006576
Mul1,0.0762567252522018
CG11594,0.0331039341855874
CG11593,-0.0611937038643893
Rcd5,0.0300214032483871
CG1136,0
wit,0.132551716839476
CG32259,0
Faa,0
Gad1,0.548519110115611
CG14989,0.294628525719397
CG14995,0.00302204436308042
Fit1,0.0293554334479891
Ack,-0.0213279873872506
Chd64,0.00599484164257636
ens,0.102583366795158
RfC4,0.0378233018282189
Rop,-0.21102792295329
Ras64B,-0.0158080587009676
Akh,0.016628704610408
CG1299,0
Ero1L,0.101346246276233
Teh4,0.167804839675289
Teh2,0.0651193731859976
Teh3,0
VhaM9.7-c,-0.0176802914823756
tipE,0.128599568901869
CG43367,-0.0801947260951628
Cpr64Aa,0
Cpr64Ab,0.0331039341855874
Cpr64Ac,0.0331039341855874
Cpr64Ad,0
ImpL2,0.0547893636742785
CG14997,0.0432962224319505
ago,0.0364629298490216
CG1265,-0.085636898652851
CG15011,0.0395296159104295
CG1309,0.0768482366081977
CG11586,-0.0383673111034127
VhaM9.7-a,-0.0819332385560162
CG1273,0
CG1311,0.0969035033041443
CG11583,0.00342395211874357
CG1316,0.154591494913497
TfIIEbeta,0.0904829049448402
Hexo1,-0.0332899215451901
CG15012,0.234491070383116
CG1319,-0.0809673972050089
CG32250,0.126933785670088
CG15014,-0.00326941833379654
Cip4,0.0699439171729017
mRpS6,-0.0414305994127604
CG33514,0.016628704610408
CG11342,-0.0114679535110412
DopEcR,0.107295590181525
CR44360,0
slow,0.016628704610408
Syx17,0.123249665097642
CG15019,0.1222863476524
DOR,-0.118856919265586
nAChRbeta1,-0.295442105862137
CG15021,0
Tie,0
CG32243,0.034606746308012
CG11357,0.0277998017478363
CG33777,0.016628704610408
CG42540,1.34673139638846
Src64B,0.0988546200183562
Rpd3,0.13287953039945
axo,0.0543193246642934
RhoGEF64C,0
CG15876,0
CG12493,0
CR45821,0.0331039341855874
CG7509,0.298177620890015
Dhc64C,0.0120989980874987
Aats-leu,0.0210048523137668
CG13707,0.197894902602445
CG32237,0
Rh50,1.03059929407113
CR43627,0
Con,-0.952563226029299
CG17030,0
CG32232,0
CG12027,0
CG4603,0.105587838347697
CR45160,0
CG10674,0.0546009466746122
CG4611,-0.034578639236071
Prpk,-0.0904961359874731
CHMP2B,-0.0632272199039645
CG10672,-0.20049648233118
CR45985,0
CG10671,0.00527188502908266
Aats-ala-m,0.00516595229154319
Gen,0.016628704610408
Srp54k,-0.0395358490614433
shep,-0.875500292636201
lama,-0.0175074915921222
Klp64D,-0.00668852764143384
CG4769,-0.299955208224149
Uev1A,0.146844281836109
Membrin,0.0375266141837538
CG10635,-0.0403942146511654
CG34391,-0.0069997799261688
CR44519,0
CG34342,0
Lkr,0
CG10625,0
sinu,0.051172825450898
Sucb,-0.0387464080838677
Sras,-0.0414097432910167
bc10,0.111929452200561
Msr-110,0.990925686741361
l(3)psg2,-0.0811655230404215
CG10590,0.00602289896042337
Eaf6,-0.0509529856148881
Blimp-1,-0.0717088497297506
lin-28,0
sif,-0.293222097781698
Sse,0
DnaJ-1,1.12406474150703
Ubp64E,0.023033861728432
CG10576,-0.118768548744858
CR43603,0
Txl,0.0181916797994772
Ppat-Dpck,-0.0193937954693971
CR45831,0
scny,0.0116835001821975
vito,0.00935127145335976
Myt1,-0.0981524948972121
PGRP-LD,0
Bre1,0.111664022099825
Tektin-C,0
S6k,0.162966627125215
CG5537,-0.0071967273394591
mad2,0
vn,0.0262845232747695
CG13287,0
CG32409,0.00142244584620268
QC,0.0295853737130209
CG13288,0.0412985398122156
CG10483,0.133745004653625
CG32407,0.0574012580941742
Vap-33B,0.0437945703347327
Rcc1,0.00557893572692651
CG33993,-0.0107035331209557
CG10479,0.00304079491251382
PVRAP,-0.0509693421981927
tan,-0.052062033332833
CG10472,0
CG13295,-0.00255083659217307
CG6610,0.0740034054160276
ssp6,0.0288038400753328
CG13293,0.156009705643822
CG10469,0
CG10467,-0.0113470702392271
loj,0.0214563970630284
Ets65A,-0.00116263098062764
l(3)mbn,0
CG10289,0.120156996255205
CG7376,-0.0225015982915026
CG10274,-0.0191518289533227
D19B,-0.0655422298146
CG43293,0
D19A,-0.0130694730215536
CG7386,-0.0411615843999874
CG13298,0.228885302426472
Trn,0.00465845049504335
CG8219,0.016628704610408
LanA,0
CG10226,0.0280890913322321
Mdr65,0.0213612556854922
Best2,0
ImpL3,-0.0129205197361873
CG43168,0
CG13300,0.526320526537173
CG42747,0.00962916330814114
CG10147,-0.0375975630920562
CG8270,0.0211429082889218
CG10144,0.0374621974363122
sfl,-0.0442081373637176
CR45979,-0.0333654751197592
CG32396,0
CG18769,0.464093878899482
jv,0
CG8368,-0.0123278913607559
CR45418,0
CG8398,0.0396688829217326
GluRIA,0.204527234020847
SP1173,0
ple,0.0456370910296951
dikar,0.149777149447456
velo,-0.00554079415951195
CG8549,0.0444748457932947
CG10103,0.0549862584459806
CG32392,0
CR45759,0.0331039341855874
vvl,4.53448740994119
CR45416,0.0816396555098003
CG14820,0.0656064145926926
CR45414,0.661876113540475
tow,0
CG10077,0.45457364406299
CG9948,0.0208092747458172
CG10075,-0.0883831285653762
Surf1,-0.0810767251581888
sgl,-0.00959330231364137
Mis12,0.272876340853292
CG9953,-0.029848610827788
Galphai,0.127363564592352
CR32385,0
Mp,1.72052756317235
CG8641,0.168355599310442
CG14823,0
CG34030,0
form3,0.0202317480924855
msl-3,0.0170026610645052
Dbi,0.278747668441273
corn,0.118074994330325
CG8620,-0.0576501795138655
Dscam2,0.905919593343531
BHD,0.0173141992714154
RpL18,-0.0759109805481816
Neos,0.110042966391338
mRpL50,0.0529503574216624
Cdc27,-0.0246644310726239
MED4,0.109123691381935
CG14830,0
unc-13-4A,0.204222373017564
CG8607,0
Rint1,0.0246518190242269
CG8602,-0.139715199850004
CG42307,-0.0493769823480277
eco,0
lark,0.112772392152546
CG8596,0
CG14834,-0.0102651503471051
Srp19,-0.0137569451954212
qm,0.0758777493048703
CTCF,0.0185223528331007
pst,-0.00804076282897988
Sec63,0.0871874801726462
Sh3beta,-0.155585568409615
akirin,-0.0955138427311135
SMSr,0.183976247744149
smid,0.0551193844181834
CG8563,0
CG8560,0.0656064145926926
CR44525,0.342717796498222
CG42458,0.988295190514387
Rac2,0.0613738366211068
CG33278,0.0331039341855874
ppk26,0
CG8541,0
Cyp316a1,0
CR45896,0
CG7546,-0.0644399640552188
ltl,-0.000712105041559762
lqf,-0.161764928806496
CG14837,0
CG33275,0.0331039341855874
CG33276,0.00205837732986864
CG7506,0.057439259698474
CG32373,0.0331039341855874
PGRP-SD,0.016628704610408
CG7492,0.13030813668235
Ank2,0.0113350243510639
CG44195,0
CG12262,0.0711447889291928
CG7457,0
Snmp2,0.0448766255843874
CG13685,0.775672822557849
CG7409,0.0171526338246249
Hn,0.016628704610408
Clk,0
CG32369,-0.205710499281631
Pdp1,-0.291988941838221
CG32365,-0.0300085518071112
pbl,0.0426714353006576
CG8281,-0.0151689882644485
CG8111,-0.020963139395738
CG32368,-0.0694692819077784
syd,-0.0201161206561894
Srp9,0.0346173980896698
RNaseX25,0.116572662384894
CG8042,-0.177537922678308
HP4,0.0100203799175963
CG8209,-0.0126368370494207
CG8038,-0.0077139546946724
nmo,1.0534257396008
bip1,0.0307025743873389
Ect4,0.0356732418074902
CG7565,0.313173745957692
CG7927,0.117052949035403
Arp3,0.0283823490634128
msk,-0.0351146960890305
ldbr,0.00220441241085281
CG7550,-0.0752858940714964
mRpL36,-0.254331695544804
Uba2,-0.00658472742644997
CdsA,-0.100857041848759
CG7504,0.0283554271895041
CG42445,0.0159312878904806
Nmt,-0.00458792481777609
CG7979,0.0489487293963132
ERR,0.0219451794367396
CR45870,0
Atg18a,0.0273902739363959
MED24,-0.0419609035344431
UbcE2M,0.234020784437553
CG8005,-0.0411068839046511
CG7366,0
CG13679,0
CG32364,0.012470759620864
CG8006,0
CG8012,0.0151259663913651
CG13674,0
CG13678,0
CG7213,0
Dscam4,-0.163657036694858
cert,-0.0199264955074202
Rab19,0.0685783194722113
CG7197,0.0996967371137774
CG13671,0.0193081033792443
CG7194,0
Sbp2,-0.123384858813415
BI-1,0.0326677927112708
CR45409,0.00990124998769999
CG7185,-0.0190151849371021
Pex2,-0.00478799017230532
DNApol-alpha50,0.00650443534502714
CG7083,-0.0156369569378634
CG7182,0.0593219446156003
GAPcenA,0.102421791770484
CG17352,0.016628704610408
Idh,0.0776720106178559
ImpE1,0.102066346942883
CG7120,0.0547822352036866
CG13667,-0.00133077819970998
Oseg1,0
Exo70,0.0131757524307565
mtrm,0
CG32354,-0.0183276113791897
Cbl,-0.132148389344373
Unr,-0.0658441058113896
CG6983,0.0388266385816296
Gug,0.0647033302574506
ZC3H3,0.143850968001644
CG6745,0
CG6765,0.108410881945733
CG6683,-0.0594071732966514
GstO3,0.016628704610408
se,-0.0164768044627131
GstO2,-0.0385034095579574
GstO1,0.0331039341855874
foi,0.109822974514182
ergic53,0.0804812443564346
rhea,-0.0565551703310113
CR43910,0
CG6638,0
CG43078,-0.034729936219161
Nelf-E,-0.106835884348255
RpL14,0.0966023017817145
CG5989,0.0159992008006978
CG6282,-0.00748781581416255
S-Lap1,0
GAPsec,0.0880741114615032
Zasp66,-0.0134976752044896
Cdc6,0
Arr2,0.0194650284244864
h,-0.0201128755462263
CR44526,0
SrpRbeta,0.0414966166061165
CG32022,-0.00164183899107016
CG6511,0.00449541898383766
Cp18,0
Fhos,0.00519730653706683
dally,0.205952599330891
CG32026,0
Mcm7,0
TrpA1,0
Tsp66E,-0.0980229560142244
CG43783,-0.0119487289359037
orb2,-0.0702408811150227
GNBP3,0
mRpL12,-0.205785372428993
CG5660,-0.0350638588809415
CG5653,0
CG5021,0.0702169155340417
CG5026,0.0575557225665713
pix,0.0256637275497539
Srp68,-0.0154289514029171
CG5644,-0.0215867395604524
CG13314,0
Galk,0.0136244931896559
CG5068,0.216804248508637
CG5280,0
smg,0.00433855068389946
CG5087,-0.018770741228497
CG5144,0
Argk,-0.283624892358211
CG4911,0.18502255288
CG4942,-0.0349772454442462
Tequila,-0.000539240445850337
CG32032,0.421786467172288
CG13315,0.0425832542722629
bol,-0.655034845724987
Dhpr,0.00815226614391221
Use1,-0.0416677421467998
nwk,-0.380273903781578
Rdl,1.11678864722575
Slc45-1,0
CG4476,0
GluRIB,-0.113117730442441
PGRP-LA,-0.0126139389489718
PGRP-LC,0
PGRP-LF,0.016628704610408
UGP,0.0117648247793141
CG32039,0.170314324893411
Pdxk,0.0393674935746797
CG34456,0
Klp67A,0
CG4447,-0.0356563843303458
CG4452,0.109579306300992
Fdxh,-0.0734538370258429
Hsp67Bc,0.00692278523527477
Hsp26,-0.0876677859925318
Hsp67Ba,-0.00691247859907578
CR43481,0
Hsp23,-0.237482803907068
Hsp27,0.0732286435983671
CG4080,0.00576255732921179
eIF-4E,0.172945108881608
Cpr67B,0.016628704610408
CG4022,-0.0437736399609792
CG3689,-0.0328769548850531
CG3967,0.437927003963915
CG3982,0
aay,0.0721629900167971
Shc,0.0290920619207243
RpS17,-0.0532682477827669
MTF-1,0.00289597822589206
CG42526,-0.0222561447468749
Bet3,0.114740878929988
Nf-YA,-0.0431884807553676
CG3529,0.146645481957515
CG3448,-0.0328009964166952
ghi,0.352080194034892
phol,-0.0586586056586114
CG3552,0.0281136547300022
CR45873,0
CG3437,0.0149821646424343
CG3434,0.0196286355261354
CG44838,0.405421106285989
Uch-L5,-0.130613008073096
Jarid2,0.114699094267642
pall,-0.0556821402083559
CG32036,0
path,0.328575565925433
CG3408,0.0263251058835691
RpS9,0.0477296728120464
CR45874,0.0256512870139229
CG33700,0
CG42673,0.345671255754464
CG3280,0
CG3335,-0.0252800773954164
CG8336,0.117126254302233
fry,-0.0370948822496789
CG18180,0
CNMaR,-0.0412755909488419
CG16717,0.0245101905045617
alphaTub67C,0.0331039341855874
CG6767,0.198324661508666
CR45804,0
CR45121,0.016628704610408
Ubc4,0.230728101594854
CG16711,-0.0841448049722725
SH3PX1,-0.0144826449039106
vsg,0.194008957295207
CG18178,0.0181822382999864
CG14174,0.00444981897828466
nbs,0.0693774321168536
defl,0.014677581881979
Naa60,0.00863313876218751
ATPsyn-b,-0.183418532710232
CG6749,0
CG42268,-0.131951137129552
CG8177,0.00917763777811425
Zasp67,0
CG32052,-0.359862495413246
Ilp2,0.016628704610408
CG43897,0
I-2,0.112068568897738
Cdk8,0.0452255868505375
RasGAP1,-0.0435893285997869
CG10809,-0.0547509333965448
iPLA2-VIA,-0.00678874517729133
CG8108,-0.0229088779250158
Taf2,0.0279721086493795
CalpB,0.0495945888808558
CR45875,0.0210852334790723
CG6707,0.0133967746571036
nudE,-0.0182708894615549
CG34356,-0.0324282472520329
CG6685,0.189164955813871
Dronc,0.047612310775214
CG6674,0.00470084660546675
dpr6,1.32848728602798
dpr10,0.270805934581028
CG6628,0.016628704610408
ect,0
CG32055,0
scramb1,0.123672233764752
can,0.0331039341855874
CR45242,0
Or67d,0
CR46003,0.889536341179655
CR46004,0.140744583478758
CR46006,-0.117232082642544
CR43990,0
CG12362,0
Gem3,-0.0183738959673649
A2bp1,0.194336644367072
hay,0.0479547978161621
CG34001,0.0235621477394277
E(z),-0.0225838741725626
CG8009,-0.00190304196734099
CG18628,-0.0316491914511955
CG32066,0.0113455093224044
CG14153,0.00454499947268228
CG8003,0.00484585464755414
CG32068,-0.0109953596960362
simj,0.150259944865614
CG11811,0.0936458712077861
CG33493,-0.0147301798664585
CG6463,-0.058492266145995
NijA,0
CG43245,0.0262845232747695
CR44544,0
CR44347,0.126787499747746
CR45169,0
tna,0.11529901163
CG6418,-0.0687816776357287
Blos4,-0.0578714076414312
CG7949,0.131206685053144
CG6404,0.0172020140001405
CR45171,0
Aps,0.266124043504232
CG14147,0.016628704610408
CR45745,0
klu,0.016628704610408
CG43693,0.584845656136961
CG7888,0.357284301142504
CG6321,0
Blos2,0.0616111682073391
CG32069,-0.073939171579793
CG32075,0.0071449653403352
CG6310,0.016628704610408
Mocs1,0
l(3)01239,0.0377850827962598
CG7839,-0.00420053244594283
JIL-1,-0.0120747938761879
CG33947,-0.0250495589670797
CG6272,0.137037724271062
APP-BP1,0.0417826905599547
CG7638,0.00420777524280835
Sod,-0.00114324586425388
fd68A,0.233124541582924
mRpL2,-0.0624919466032618
Ufd1-like,-0.147079070496545
CG42575,0.580822262856496
nol,0
CG32074,0
CG14143,0
CG32082,0
CR43989,0
Alg10,-0.072691660876326
wls,0.279729323771747
CG7616,0.0394390641201315
CG14142,-0.0193777364246481
GlcAT-P,0.172494590252346
Plod,0.141634013345536
CG7607,0.909750383954337
CG14141,1.02228591137484
Ube3a,0.0535324456743676
CG7600,-0.0185657608208449
CG42671,-0.0730497960885019
Ir68a,0.016628704610408
CR44718,0
CR44713,0
CR44717,0
CR44716,0.0233382427243481
scyl,-0.204883833651204
CG6175,0.0494288240037281
CR45251,0.0182706811691055
CG6163,-0.0557179885391196
CR45036,0
CG7560,0
chrb,0.398372383117865
Mob2,-0.236653764073579
mir-4968,0
CG7394,-0.0673671526373964
CG33267,-0.073065330078322
rt,0.0180202321227436
CG7368,0.0384449916161989
CG14137,0
CG6091,0.056347469600639
CG6084,0.0865926328930573
CG6083,-0.127719647263628
PCID2,-0.0175615274778634
CG18815,-0.205605124607399
CG32091,-0.0148637180034968
CG6071,0.016628704610408
RIOK1,-0.0890578247297116
CG7339,0.0647207174646068
CG32085,-0.0134699390475394
CR45883,0
CR45884,0
TfIIEalpha,0.0429842359536765
Sug,-0.00456226421051286
Pallidin,-0.0421521626007215
CG14135,0.0592962881782706
CR43887,0.016628704610408
CG11652,-0.0418462512480326
CG11658,0.312590312436765
crim,0.0128248870502853
CG14132,0
Bmcp,-0.0478708426671099
CG6024,-0.178004592230012
Tim13,0
Pi3K68D,0.0289406820696115
CG10907,-0.0070744405423769
Klp68D,-0.00485558505168886
CG10361,-0.00547532966367193
CG42255,0
CG14130,-0.0531236461419892
CG5946,-0.115038826706541
CG11597,-0.0457334671847036
RpL10Ab,0.0178400555167861
CG32095,-0.0549541313927332
CycA,0
CG44837,0.31856396698329
CG5906,0
CG5897,0
CR43624,0
CG5718,0
prc,0
viaf,-0.165248715241893
Grip163,-0.0408029394734885
Pop2,0.184056867742505
CG6928,-0.00647501350975099
rols,0.016628704610408
Sema-5c,0
l(3)j2D3,-0.0380327509638978
ssp,-0.0181023846150033
CG11560,-0.0176496267673695
yps,-0.0810043961942279
CG11534,0.0738056101587162
CG5645,-0.0151248907288065
Atg12,-0.0170369670185601
l(3)neo18,-0.0383586842975731
RhoGAP68F,0.13964139234894
CG5642,0.0273141991952577
Nrx-IV,0.0883210401690421
eap,-0.0080127398840927
CG9760,-0.0130539447122834
Rh7,-0.151992492992548
CAH2,0
CG6910,0
Est-6,0
thoc6,-0.0470003021745485
Adk1,0.219845945330476
CG5626,-0.0181157469839381
app,0.16472832063716
CG32100,0.0394502047204507
Pbgs,-0.0271413485254775
CG4300,-0.049761749098412
CG10426,0.0738014893572892
CG4328,0.00389991615863184
CG32105,0.00490949695609862
CG10418,-0.081233706297338
CR45444,0.0117642015140913
CrzR,0
Ncc69,0
CG32104,-0.012859720755199
Obp69a,0
CG32103,0.0595587386169801
ArfGAP1,0.0280834863167224
CG10616,0.052148409126246
CG10663,0
CG10660,0.0196062589810976
CG10657,0
CG10638,-0.0140220837575952
CR43868,0
CG10681,-0.0911581356539756
CG10646,0.00663960437299149
vih,0.142379337183545
CG10654,-0.034498390548786
sti,0
tral,0.13756624999079
Gcn5,0.0380371277301764
ver,-0.00302851671530281
eIF-2beta,0.0223603848940814
nst,0.0616487745824291
Tsf2,0.123420077129977
CG34242,-0.0166058350997283
CG10688,-0.0573769811726316
CG4069,0.00577791965694424
sowah,-0.0546170282746925
ara,0
caup,0
CR32111,0
CR43431,0
mirr,-0.0138484950271845
SmD1,0.0837008343447659
Ptp69D,0.0340844046072358
CG32112,-0.0940958080883954
CG32109,-0.0888395798627238
Klc,0.0377929736793001
CG10984,0.0845924816906097
CG10973,0.0225552872022185
CG32113,0.00608596913774868
Hip1,0.0712683906312998
Atg1,0.039066623940673
CG42709,0.0914811613086914
Sap130,-0.0567812060377569
CG32110,0.016628704610408
CG10754,-0.110828897840282
CG42588,0.0187699711872536
CG10960,0.439814926456475
CG10948,0.0271192325950815
Wbp2,0.0529931323034884
Ent3,-0.179200543393933
CG32115,0
CG11263,0
CG14117,0.0494288240037281
CG11261,0
MICAL-like,0.0506733576038724
CG11267,-0.446979174129892
mRpL20,-0.0614787453682624
ste14,0.012774870632432
AdenoK,-0.180375639473693
RpS12,0.0756002606669302
SRm160,0.0365990845585404
RpS4,-0.056988948651576
Syx13,-0.0291945312416173
CG11279,0.0214080910940249
CG17300,0
trn,-0.176492347881622
caps,-0.19115411057848
CR43146,0
Nplp2,0.160541998575882
CG14107,0
ImpL1,0.016628704610408
CG10171,0.134246237162795
Poc1,0
CG10222,0.00408010827898458
flr,0.00453414075711871
CG14105,0
CG10713,0.0682436296314917
CG10732,-0.0310152811493072
CG10133,-0.00827054792763153
CG10738,0
CG10116,0
CG10089,-0.260959827222423
stv,-0.254521744264803
Abp1,0.209069094524831
Tgi,-0.0437154950559899
Spt20,0.0080964171998111
Vps36,0.072313414795221
Liprin-beta,-0.0142926608663876
CG10710,0
bru-3,-0.602675130599848
CR45825,0
CG8757,0
CG8745,-0.107765337704459
dysc,0.31133987855525
CG13737,0.016628704610408
Rgl,0.261039330810139
CG8833,-7.92225809830661e-05
Gl,0.122999681860856
CG32137,0.00909988261772168
Meics,0.0985249603054
ssp2,0
Nxf3,-0.00918347603980567
Hsc70-1,0
CG17364,-0.173953161210692
CG17362,0
26-29-p,0.0638775605133916
CG17361,0.0165145949713922
CG17359,-0.0336682686852206
CG8783,0.0742233924051189
upSET,-0.141271390367563
ptip,0.000418353488486321
endos,-0.00446106965865231
CG6650,0.00803522715619235
pncr014:3L,0
CG6661,0.016628704610408
Hsc70Cb,0.0160459869327207
blue,-0.0439659365179992
CG6833,-0.0206295324921025
CG13484,-0.0595724657203283
CR46067,0
CG32138,-0.105185088160233
Pex1,-0.0139785706895036
Sox21b,0.020976042928264
D,0.00963954734206192
nuf,-0.0423051793253474
CG7768,0
CG7924,0
CG7906,0
fz,-0.0222964273831754
CG13482,0.016628704610408
stwl,0.00186654677159868
CR45233,0
CG3919,0
bbg,0
Mpcp,-0.0189935819907042
Gbs-70E,0
CR44843,-0.0222109794188584
CG34039,0.0275095984264114
Lk,0
CG9628,0.0218267869091689
RecQ5,0.0378324256380486
dlp,0.0930904388044673
CG43121,0
ome,0.008972756490669
CG4914,0
CG5048,0
Trl,-0.0523795807895509
CG33260,0
CG9384,-0.091544576035244
mop,-0.020509594472224
bmm,-0.0356847753140611
Tdrd3,0.0959254929015428
CG9425,-0.244695822833731
NHP2,0.0909397571900918
CG17839,0.506157562214523
CR44702,0
DCX-EMAP,0
CR43432,0
CG5114,-0.0350756432550018
mnd,0.0283303418814082
Zip71B,0.0738297875729597
mRpL39,-0.134649257672779
Prosbeta2,-0.182547772887753
Reck,0.0448975502295438
Sytbeta,0.0865018341437847
cp309,0.0371506626724599
Or71a,0
CG6945,0.0031026456394707
Aats-gly,-0.0205740685661975
CTPsyn,-0.0528897328901722
CR43972,0
CG45071,-0.0937537991923821
CG13458,0.0501126714762312
Cep135,0
CG12316,-0.0470296798648061
Pdi,0.0566333049299369
CR45396,0
CG32147,0.0910376665197135
Pex3,0.0154133353473318
FucTA,-0.0488477953848671
Msh6,-0.00134175879141102
Prp31,0.0237380064560791
CG7011,-0.0105139808417411
CG6878,-0.13959022195936
Tollo,0
CR43992,0
Toll-6,-0.463793820011985
CG12355,-0.0228870451812647
CG13455,0
CG7275,0.0138633258794921
CG7272,0.2038546681926
CG7857,0.0330816017653418
CG7841,0.00499236900317932
gdl,-0.0304791390568684
Eip71CD,0.25101031603604
CR43159,0
CG7945,0.0482506904151198
CrebA,-0.0143601979487122
AGO2,-0.0560434845080335
CG7739,-0.219420482507361
CG7427,-0.00753543169946629
dop,-0.135636004924955
CG16979,-0.0646582791887045
mrn,-0.0179750817129426
CG12301,-0.00827253214102148
CG12304,-0.120362596649914
CG7656,0.0825895322028581
RhoGAP71E,-0.019813295768073
CG7650,0.0241062917206012
comm3,0
CG7372,0
CG42571,0
comm,-0.0885508505205441
fwe,-0.0905631909932628
CkIIalpha-i1,0.072065944455731
DCP2,0.252914285679006
dbo,0.131534224094534
CG12713,0.00367354296407645
CG18081,0.126473261428489
CG15715,-0.0676195583945187
CG32150,0.016628704610408
pHCl,1.39519698644015
CR44050,0.0331039341855874
sff,0.0588813181211786
Pka-C3,0.00256245960557664
GXIVsPLA2,-0.0536372528475581
elgi,-0.0709531459774995
CG17032,0.0376000174308433
l(3)72Ab,0.00699226796587854
CG10516,0.101383589376139
brm,-0.00717322599162525
CG17026,0.0490390653647116
CG17029,0.0209249608787106
CG17028,0.016628704610408
CG17027,0.016628704610408
Arl1,0.0531665517603167
DNApol-delta,0.0198272567118423
Hip14,0.127268662686401
CG5830,-0.0850105198590331
mRpS31,-0.0952093990496617
mib1,0.0397333755577709
CG5895,0.207094872990444
Diap1,0.133564394026957
CR45889,0
CR43951,0
Mbs,0.119704547252408
CG13075,0
Taspase1,-0.0101348770586966
CG5235,0
ClC-c,0.0566311801901475
CG5414,-0.0176802914823756
IntS9,0.047957747410326
CG43295,0
Zn72D,0.165095498519965
Taf4,-0.0087104598469616
CG12272,-0.0145306438765123
Pgm,-0.028659671239649
SsRbeta,0.063071050318232
Trs20,0.149480392557785
elg1,0.016628704610408
CG5157,0
CG5151,-0.0780372039352339
CR45755,0
l(3)72Dn,0.0571145197752523
CG5027,0.267322718363087
PDCD-5,0.113963634943714
MED10,-0.130082771031555
Hsc20,0.120891128067541
l(3)72Dp,-0.00903633628098398
l(3)72Dr,0
CG13055,0.0059955217363197
CG13054,0.6770539872187
CG34247,0
CG13071,0.0426714353006576
CG13051,0
CG13068,0
CG13067,0.0489197375685134
CG13047,0
Nplp3,0
retinin,0
mRpS34,-0.090677203591117
CG4925,0.046884870572565
CG4933,-0.0471454992564777
Pdh,-0.0683376331178991
CG45057,0.0391315560045883
Cpr72Ea,0
Cpr72Eb,0
Cpr72Ec,0
CG4842,0
roq,-0.0602020875490802
CG4729,0.187831933005903
RAF2,-0.0245659754944971
CG44836,0
Grp,0
fax,0.0822804456733303
TMS1,0.163341545377958
CG4573,-0.0254525985040395
Aats-tyr,0.164926515744309
CG33158,0.0241062917206012
aos,0.016628704610408
CG43373,0.0510448399367284
CG42514,0.016628704610408
Mipp1,0.037960870492687
mbf1,0.169305699124779
nxf2,0
Smn,0.0390361598051106
CR43727,0
Rpn12,0.0543113712692899
CG4169,-0.382524404805428
Syx8,0.0115128735896757
CG32163,0.040613656652984
l(3)73Ah,-0.0194568542678632
tra,-0.00617049314729499
spd-2,0
CG32165,-0.00326941833379654
CR18217,0
CG32164,-0.00181903261574382
CG4098,0
Prosbeta6,-0.0206663833818151
Su(P),-0.0790439491407342
CG4101,0.191618575777781
CR45865,0.016628704610408
Mo25,-0.0591854159676711
Abl,-0.104570842927239
Baldspot,-0.0540754424579247
snRNA:U12:73B,0.016628704610408
CR46033,0
CR45241,0
zetaCOP,0.0590371842544425
Lasp,0.00376898385520915
CR45179,0.0331039341855874
Dab,0.098009580191425
PGRP-SB1,0
Dbp73D,0.0243703757803486
Nrt,0.106258760790809
CG13025,-0.0254176715838987
CG9705,0.0926830439656555
CG9706,-0.00235574407829764
Int6,0.0302277051361232
CG9674,-0.242768535264125
nudC,0.202157133377666
CG13024,0
TSG101,-0.048533951488977
CG9669,0.142302770411314
CG9715,0.0295797532491631
CG32161,0
Rh4,-0.0195133879596318
sina,0.248480502180039
CG9951,0.0580026775947888
Lmpt,-0.0196331553270085
CG32170,0
CR45898,0
Cpr73D,0.0331039341855874
Nc73EF,-0.0969217342341515
Exn,-0.0495640224302624
CG3764,-0.0340054253598879
CG6664,0.0549906828243075
CG7728,0.00519593489062185
a10,0
Fit2,0
beg,0.00630292978643592
scaf6,-0.0376358358805588
Papst2,0.0322248182151142
CG14057,0.0189384531124978
TpnC73F,0
rogdi,-0.117757254024058
Rbp6,0.176651909328545
CG6512,0.0768069625973495
CR43870,0
CR44564,0
CG6479,0.0250869601418829
Mip,0.0670856708839242
CG7692,-0.00380082088131077
blot,0.00638440963044916
noe,0.196203264653228
Sec3,0.0401900559766528
CG7630,-0.205265639374135
CG33051,-0.0491325610573501
CG33052,-0.00898583148182857
CG32176,0.18837471739083
CG18265,-0.0207785592941352
CR44565,0
CG7603,-0.216953234361593
CG7589,0
CG7580,-0.296234447162047
CG34250,-0.0632076041245074
qjt,0
Oatp74D,0.0455826509877629
edin,0
U4-U6-60K,0.0605681506722291
CG7564,0.0764489081234365
Edc3,0.0599132674456791
Nedd4,0.0303379232365381
CycT,-0.0120534360396084
Eip74EF,0.500846451088858
Vps60,0.0991015138535469
CG7510,0.241191536118014
CR44567,0
CG7497,0.016628704610408
Pep,0.27504988140931
CG43085,0
Ndfip,0.111752466828747
Krn,0.0782382671674712
CG7484,0.363832983107688
Crtc,0.637124755193266
CG34251,0
Ccn,-0.29403874917261
CG7460,0
NUCB1,0.308034801997439
CG5589,0.00630292978643592
CG32187,0.000938194244923538
CG32191,0
cln3,0.0141320204963801
Grd,-0.0270842887953745
CG5577,0.0331039341855874
CG5567,-0.0968685726852107
CR45175,0
MED19,0.0137951673929085
CG7430,0.104919859014301
CG7441,-0.00297299336612649
CG5535,0
CG7408,0
Prestin,-0.00523630719250014
CG14353,0.0341207598240286
CG5290,0.0399413737013007
CR43174,0
Eip75B,-0.0180280336421593
CR45922,0
CG44006,0
CG44004,0
CR32194,0
CG34253,0
CG13698,-0.038988759478857
mRpS26,-0.203105290201803
CG5147,-0.048717956874418
mus304,-0.0148637180034968
CG32195,0.122077052496146
CG7341,-0.00907940306961577
CG7330,0
hid,0.0585182886553893
grim,-0.0211786277863825
rpr,-0.0162233065103502
skl,-0.00641406049975744
CG32196,-0.0538997373090919
AstC-R2,1.08743391892088
AstC-R1,-0.0434507739521708
not,0.231748135069753
MYPT-75D,-0.0670478594839473
CG42495,0.120692748147355
Capr,0.0280711951689546
GNBP2,0.016628704610408
GNBP1,0
Sgf11,-0.0702436017131457
CG32202,0.0258473069498045
Chmp1,0.0308001836330143
Cyp12c1,0
MED11,0.0415094884204074
Nufip,-0.0247643694993974
Atg3,0.0949556465189314
ftz-f1,0.886226396228597
CR45938,0.016628704610408
CR45939,0
CG14073,0.168081535343716
HipHop,0.134977154610114
Cat,0.0344057572553243
Indy,-0.000591544289372768
CR32027,0
CG14074,0.0317906635744343
Dysb,0.0331039341855874
CG6852,0.0162296118598636
Rad9,0.016628704610408
Blos3,0
Ugt,0.00604920675665849
CG3961,-0.270480170140995
CG3902,0.00571419914011533
RpL26,0.0454396243565512
arx,-0.0194729880087031
CG6843,-0.0691199385067525
CSN1b,-0.0319283160310402
CG6841,0.0671885436643706
CG3819,0
CG32204,0.551876742728535
CG6836,0.016628704610408
CG14075,0.016628704610408
CG11619,0
CG34256,0
CG18135,0.464450885776925
CG3808,0.057613667273795
nkd,0.698986355578765
CG3797,0.112199670642056
CG6812,-0.172809140452616
Mkp3,0.298132926442136
MESR6,-0.00383492354141967
CG11577,0.13866924691656
CG10424,0.0806586299949887
Gem2,0.0268567771692721
CG14082,-0.0300038320423354
Spn75F,0
fz2,0.10348217841013
CR45941,0
mRpL21,-0.122834862654996
rept,-0.0325164598834369
nes,0.0131696423897965
Bet1,-0.00455728361249279
Max,-0.0160438794233267
CG45081,0.0258266119989253
CG9629,0.00219517071673908
CG14086,0
CG14089,0
Gbs-76A,-0.0351048535400552
fal,0.0595582722579083
CG32206,0.489838482462329
CR32205,0.016628704610408
CG33062,0
CR32207,-0.0139785706895036
pncr009:3L,0.0327485267687685
CG9449,0
CG9451,0.016628704610408
CG9279,0.00395530946539188
CG43885,-0.0533261895367091
l(3)76BDr,0.0012966324865996
Rcd7,0.016628704610408
CG9300,0.0146145664140221
Shal,0.350427419920571
CG9231,-0.0960670847379475
CG9330,0.0245916226862882
CG14100,-0.0941001527898649
ash1,0.0198084183199167
Taf6,-0.0137019595505545
CG9368,0.111522520180925
CG9372,0
Lon,-0.0802164537813748
CG9376,0.207230121214675
l(3)76BDm,0.0877241304273205
asf1,0.113287930088694
ms(3)76Cc,0
wnd,0.0124050088648585
CG8786,-0.0665076973185807
Oat,0
tey,0
CG8765,0.0240251689921118
Gbeta76C,0
verm,0.016628704610408
serp,0
HLH106,0.0344037935320795
CG14102,0.0581832493375196
Ir76a,0.00775968835178053
CG14103,0.031691007654107
CG15881,0.0464198066064585
CG34116,-0.00858647986961116
CG14104,0.00451158949339047
Kap-alpha1,-0.0269162868234283
Cyp305a1,-0.00918347603980567
cyc,0.12840925055264
Fibp,0.0478446243113953
Deaf1,0.163136526598616
trc,0.00173735770504185
CG32221,0.214210117644725
kto,0.0120448074879987
Papss,0.0864332808097084
Rab8,0.103397566854433
CG8334,0.0252049400510616
Mi-2,-0.0383835546617925
Su(Tpl),0.0678905043523381
CR32218,-0.00107100869975408
CR43889,0
Prp3,0.0487604243495485
Mtr3,0.0214434303572412
Rpn1,-0.158016030172431
Su(z)12,0.0864472872366244
CG7770,0.00187591852131427
Grasp65,0.0644239009296872
CG8004,-0.0552716576314146
RhoGDI,0.0190716189076983
Ac76E,0.00674344460066165
CG14182,0.127614263525078
Csas,0.107326943946611
fln,0
CR45161,0.0790713886312348
Nca,0.201077307825667
CG7646,0.509973849759963
CG7433,0.337333651288757
Tom20,0.0859827154526307
CG7668,-0.0219462551703751
kug,0.0716855779113405
CG14183,0.0553960038314433
CG14184,-0.00625912748587118
sNPF-R,-0.103303572149756
CG14186,0.560432463603594
CR44679,0
CG14185,0
Ir76b,0
CG14187,0
CG7365,0
gig,-0.0185210407314317
CG7328,-0.0147303271449854
CG42674,-0.392119679821128
Ssk,0.275630452669583
Su(var)3-3,0.0576176750409868
CG17233,0.0428310153943977
Clc,0.26604113648231
CG6951,0.0422508390275544
rdgC,0.384400062279225
gogo,0.00695377538877458
CG17122,0
CR43890,0.0243746582524786
FRG1,0.155732638055524
Pex23,0.00938327938795632
CG6597,0.134421625151789
CR43872,0.016628704610408
CG32225,0.0738580941342241
alphaSnap,0.0214746865036946
CR43875,0
Spn77Ba,-0.00828030044540717
CR6434,0
Spn77Bc,0
Rbbp5,0.081015863278676
eRF1,0.288437546614331
CG5618,0.033245607233806
kin17,0.0422477970515928
DNApol-alpha60,0
Ide,0.177902058776082
RhoBTB,0.392656903242817
CG5498,-0.0677973391201926
fbl,0.0153653611209404
CR43944,-0.0284861040250957
CG33969,0.0152557732267938
trbl,0.016628704610408
CR45973,0
CG13248,0.0121604384569089
CG5282,0.274515808982226
CG5274,0.0419293580270216
CG5262,0.0517057465027931
Las,-0.0636698480889006
Psn,-0.0237670245252194
mRpL15,-0.143944552103426
CG5872,0.00793893671779636
CR43943,0
CG5910,0.000255480321808907
CG5199,0.00871731829236447
Uhg8,0.0346790727364419
CG42764,0
CG5955,0.0497206528493042
CG32428,0.195155762754551
CG5969,-0.0907899579152778
isoQC,-0.0477598434684034
ZnT77C,0
CG6020,-0.277030935964954
CG32425,0.0732338048140772
CG18281,-0.0150797457431644
CG17637,0
CG5059,0.225407476436074
mTerf3,-0.00804916791077692
CG5104,0
CG4825,0.0662934122553673
CG4858,-0.033552851139918
Rcd2,0.016628704610408
cmpy,-0.572990054952229
CG13252,0.0314508562095059
Gr77a,0
CG33912,0
CG4074,0.0808937836937215
CG4186,-0.0667211806657606
CG4042,-0.0201332319832504
Pitslre,-0.110426519864215
Pex16,-0.049724132603627
Pex14,-0.113678485616778
CG11399,0.153993628852542
CG11396,-0.0408949595533331
Six4,0
CG4365,-0.0710855126780655
Spc105R,0
CG3634,0.0331039341855874
HIPP1,-0.0152181469360032
CG3618,0.00621588721137333
Pka-R1,0.176862919885753
Mst77F,0
CG3288,0
CG13255,-0.00755100354255929
CR45943,0.0331039341855874
CSN3,0.129381658483273
CG11456,-0.00205380051743766
CG32432,0.396578456086735
CG11458,0
CR45734,0
fng,0.243058439120228
CR45243,0
skd,-0.120877601028246
CR45944,0
CG10585,-0.0360549594544989
CG10584,-0.00423872285669269
Sin,0.0356250107055834
CG10581,-0.0322721458406521
siz,0.0380453042119441
ko,0.315344579394858
CG10566,0.0268788027247361
CG10565,0.0562687836320998
Ac78C,0.356336567798243
chb,0.115180755011602
asparagine-synthetase,-0.0104284887052235
CG42337,0.169985314836139
CR45951,0.301108550437965
park,0.0285498098720979
CG34261,0
CG33054,0.043799006702369
CG33056,0.0391829011203151
CG10512,0.294344042382801
CG10508,0.0915392507141553
CG12975,0.0480463152551434
Ilk,0.0197294420155941
CG43219,0.016628704610408
Eip78C,0.101300469701178
CG43218,0
CG9391,-0.0647324331462762
CG9389,0
CR45162,0
AcCoAS,0.161229985788164
ppl,-0.0879161224833466
pzg,0.0132101201070132
Edg78E,0.016628704610408
CG11309,-0.0392891103483153
CR45952,0
CG7632,-0.075034082235824
Pc,0.0976440707280588
CR45674,0.016628704610408
Rab26,-0.0610529007877146
CG7338,-0.00950712121062547
CG7324,0.0128736525483223
ebd2,0.0164840573265448
rgn,0.451512056527712
barc,-0.0104651491882713
CG33288,0
Aef1,-0.075900846656712
CG5664,0.0320522214678889
Syx7,-0.0194966522119461
croc,0
CG7519,0.149259627359092
Hr78,-0.0297684716315963
CR43933,0.179556690375526
Glg1,-0.0537368576713533
Est-Q,0.0331039341855874
M6,0.123447228784649
SAK,0.0717192282847993
Cdk12,0.0295017992186167
CG7611,-0.0362085252402589
CG32442,-0.0925232020108823
Mkrn1,0.133736183288084
ppk5,0
Rpn10,-0.160715473799319
CoVIII,-0.289036986122053
VhaM9.7-b,0.0599345467567942
CG33290,0
Wnk,-0.0146088194215024
CG7172,-0.212109291306399
SMC5,-0.0266132632154448
CG32441,-0.0218973101743066
CR43939,0
TfAP-2,-0.0396808942980947
CR43940,0
S1P,0.0295446423396007
CG11307,-0.00589064522216598
CG7166,0.258401242666804
CG11306,0.162282639131544
MED1,-0.029651166337898
ORMDL,0.162554606030575
CG32444,0.0331039341855874
Atox1,0.481175909495421
Als2,-0.068176038244676
CR43979,0
CG11248,0.102462335493978
CR43978,0
CG32447,0
CG11247,-0.0109669057578945
Rpb8,-0.00305122107435603
CG14567,0
CG14566,0
CG14565,0
Syn1,0.60220370648882
CG7370,0
CycH,0.0151482829362967
CG7407,-0.374296017431528
CG7414,0
CG32448,-0.114271439040318
CR43309,0
CG7148,-0.0419509351334958
Nopp140,0.0167144814210058
P5CDh1,-0.199158254337232
CG14563,0
mub,0.791236697022278
CG7442,0.222874701469042
DNApol-eta,0.00997415848825625
CG14562,0.00744930051509919
CG7448,0
Act79B,0.22770677876815
Oct-TyrR,0.0474111992122433
CG14561,-0.0316805168488317
CG7139,0.0289493978813926
CR43995,0.0304235150998132
CG7133,-0.00247182338965435
CG7130,0.016628704610408
RpLP0,-0.00897017510527077
olf413,-0.205794090514332
CR45972,0
CR45035,0
Rich,0.0919522470459064
Ddx1,-0.0603870390060444
CG11523,-0.0108494945060308
Csp,-0.0411978636430547
srpk79D,0.0832587902707068
CR45960,0
Hem,-0.041764293040301
Aats-ile,0.0216600228050059
Ten-m,0.167658230362368
CR45962,0.0405779299115452
CR45965,0
CR45237,0.016628704610408
laza,0
CG11438,0.016628704610408
CG11426,-0.0576780505230015
CR45382,0
CG11425,0.0448687655482433
CR45431,0
CG43312,0
CG14459,0
CG14457,0.016628704610408
ArfGAP3,0.0374628329505272
CG32452,0.03005108757908
mael,0
CG14450,0.010368441636317
CG11367,0.0637191896291327
CG11241,0.0656064145926926
l(3)04053,0.0135797961494115
CR45163,0
CG7369,0.0765465061006854
SPoCk,0.351598069869928
CR45961,0
jim,-0.170924336097465
CR45659,0
CR43426,0.0331039341855874
CG33169,0.0257971323726254
CG33170,-0.248129350363944
CG11137,-0.125843454555135
Arf79F,0.129508635259324
CG11109,-0.0585948342301139
CR45968,0
Chro,-0.0711118358069722
Ssl1,0.105884845694722
slif,0.00179545159392618
BoYb,0
CG12768,-0.0230823854143082
Mes2,0.0557355836224836
CR45758,-0.087115116168376
CG32457,0
nrm,-0.0870783205082944
RpL10,0.0317356975583724
CkIIalpha,0.141506387326756
CG33217,-0.00891959977532265
CG32350,0.124293228726005
CR45164,0.00179545159392618
nAChRalpha4,-0.0256136956508107
alpha-Cat,-0.0806094390225635
mir-4942,0
CG32230,-0.315272145565779
AGO3,0
CG17454,-0.0531404011329773
CR45736,0
CG17698,0.140865853620468
CG40470,0.0427784255139053
CG40045,-0.153554688446916
Snap25,0.0423731818390644
nvd,0
mRpS5,-0.0420622238455262
CR41597,-0.0893609819548989
scro,0.781348201295408
CG40472,-0.172759546157126
CG40002,0.0253512362385853
Set1,0.157244994543671
MED21,0.235008842738255
Ucrh,-0.266703277777911
CG45782,-0.0211474521698664
CR45180,0
CG17374,0.016628704610408
CG40178,0.106215922125172
CR45182,0
CG40160,-0.0170144700210296
CG40228,0.0725159905551646
CR45177,0
CR45181,0
vtd,0.181985384100084
CR43170,0
RpL15,0.261162529714221
Dbp80,-0.111752554841356
eIF-4B,0.0678325249512982
CR14578,0
CG17514,0.184841061826914
CG45781,0.0335085711368154
CG40498,0.27391663341738
rl,0.291959763507414
CG40191,-0.0353216573072171
Yeti,-0.0887929656839574
CR44042,0
l(2)41Ab,0.119106657734098
CR44043,0.016628704610408
Maf1,0.277718767808286
CG17691,-0.138956775169973
CG41520,0
CG17684,0.0681555362800885
MFS17,-0.0784622626986823
mir-2279,0
CG41378,-0.121836298189503
Scp1,0
CG42596,0.311768824987166
uex,0.0528798335862132
CR45139,0.0664702737062974
Haspin,0.116490398345773
CG17683,-0.0102139264737506
CG40127,-0.214372381255067
IntS3,-0.00956146704290863
Gprk1,-0.0317424327449802
RpL38,0.0337188725214251
Stlk,0.202075979605863
p120ctn,0.15474033694156
CG17486,0.134410988431866
CG17883,0.0243128548396177
Nipped-B,-0.00623196108062483
CR41440,0
conu,0.0927667519295042
CR43281,0.0193162044191914
CR46064,-0.132702610278981
CG12547,-0.0283778173305323
CG17528,-0.0126530064016803
CG14464,-0.0786891459609494
CG44102,0
Ir41a,0
CG3107,0.0511026653585068
gus,0.063661140917186
CR43256,0
Atf6,0.000402360341952638
Nipped-A,-0.0646150899499657
d4,0.00950862690690337
sxc,0.0486389330792376
CG10465,0
CG10395,-0.126269716601501
CG30441,0
CG10417,0.110734307926389
laccase2,0.016628704610408
CG30438,0
Fis1,-0.0987185544411698
CG17508,0.0905164379505215
CG11665,0.0129491808054282
CG1344,-0.0609806172800283
Not3,-0.059927764775049
CR45472,0
CG8245,0.454435084139887
kune,-0.0373458859141944
scaf,-0.00383319181399741
CG17337,-0.0636372623578692
vlc,-0.0372543114406693
ap,1.20309006099606
l(2)09851,0.0476833411456007
CG34200,-0.212006526297877
CG7791,-0.0233172739076119
Gp210,0.00853359369164058
ZnT41F,0
Or42b,0
dpr12,0.523176153812568
CG43366,0
CR44126,0
CR44127,0
BubR1,0.016628704610408
mle,0.219062480273795
Src42A,0.1841578953071
Act42A,0.0566667361394908
Pngl,-0.0284287148631818
SCAP,-0.00882512194012175
CG14591,0.246936381634836
Tbce,0.0646818788146397
CCHa2-R,0
CG7845,0.131885528774094
CG7849,-0.0638329539390994
CG14590,0
Ars2,-0.0550097020448707
EcR,0.316080599925077
CG14589,0
Cyp6w1,0
Ptr,0
CG17994,0
l(2)k14710,-0.110132336950295
bin3,0.133345351160895
CR44161,0.016628704610408
Pld,0.016628704610408
jing,0.0656535443506444
Vha16-1,-0.396099230896678
Trap1,-0.0833614590683922
Bap170,0.0185022207115636
Fmo-2,0
Debcl,0.0157856493722904
Opbp,0.0222760064555222
geminin,-0.0871255283442179
sced,0.0357789721027803
Dpit47,-0.0247295592129906
Adf1,0.0576989820795751
CR45128,0.0331039341855874
CG15908,-0.0570099707131554
CG9410,-0.138940491642339
Hsepi,0.143962732992917
PGAP3,0.0106096356709907
CG17266,-0.00525857833750279
CG9422,0.182232390165432
Tdc1,0
CR44165,0
CG15909,0.016628704610408
Tdc2,0
CG3270,0.0283856800640808
Mob4,0
Rab2,0.0494298118191345
CR43611,0
phtf,0.0594156046874184
CG3267,0.016628704610408
Eb1,0.0640290672936922
CG3420,-0.0320698938323847
CG9436,0.168616728660696
Epac,0.244614034165954
Cyp6a2,0
SdhB,-0.274965178535455
CG15237,0.00602552651514568
ubl,0.0428323327690301
koi,0.0892446090548321
CR44442,0.0331039341855874
CG15236,-0.294066272200915
CG34215,0.016628704610408
coro,0.00400742561479121
Spn42Da,-0.0129728626814778
Spn42Dd,0
CG30158,-0.0240516207419059
CG3358,-0.0527336985679018
mim,0.0484419508236432
CheB42b,0
CheB42c,0.0315136425586657
Cyp6u1,0.0234503812915457
CG30157,-0.0112950118572485
vimar,0.110534563530326
CR44170,0
CR44171,0
CG30156,0.0205354319289306
CG17002,-0.0406576427300377
Tsp42Ea,0.121802622436937
CG30159,-0.00963434470362576
Tsp42Ed,0.0455826509877629
Tsp42Ee,0.375305352307916
CG43647,0
Tsp42Ef,-0.0226056011472059
Tsp42Eg,0.0699919004210349
Tsp42Eh,0
CG33914,0
CR12842,0.00982041754696213
Tsp42Ej,0.184563517734292
Tsp42Ek,-0.027244509758699
Tsp42El,0
lbm,0.0511350589555475
Tsp42En,0
Tsp42Ep,0.016628704610408
pgant3,0.144693019629354
CG12836,0
esn,0
Cyp9b2,0
Spn43Aa,0
pk,0.016628704610408
Spn43Ab,0.627628241686849
Spn43Ad,0
nec,-0.00820634403648366
CG30385,0
Ady43A,-0.0265324890069143
Gadd45,-0.019175626203664
Br140,0.0206772463545173
Dscam1,-0.0782590928341123
cos,-0.0344037008278327
CG11107,0.0140123303282854
CG1707,0.0717191310822864
CR44201,0
Eaf,0.0128508224237278
so,0
CG11123,-0.0173294093232814
sPLA2,0.0244678078522337
kappaB-Ras,0.016628704610408
CG11125,0
Inos,-0.00348572636973677
CG11141,-0.0215688439456061
CG11127,-0.12299210412409
p47,0.0123271553858102
Aldh-III,0.0352505991868503
wech,-0.0566894127899743
Coop,0
CG1620,-0.0548517660071823
dpa,0.0123619534926079
didum,0.0396509720070407
CG12736,-0.0193775694254565
az2,0.0176832293541991
CG1603,-0.0118627113183196
CG1602,-0.0157052590149157
CG2144,-0.0319002297030309
Orc1,0
Drat,-0.389150703577058
Cyt-b5,0.0880403668279437
CG2137,0.016628704610408
CG1598,0.132080765213751
Corin,0.0240529157178336
CG30499,-0.0202797783176442
boca,0.11984293025438
Vps13,-0.0267855646103546
blow,0.0230216011299736
CG1360,0.00143009226047761
scra,0
CG1358,-0.209709717889534
CG43340,0
CR45131,0.00493440935904019
CG43341,0.016628704610408
CG17985,0.0947836240635048
Rpt1,-0.0249665769052708
CG30491,-0.0645356878587019
CG30495,-0.00522447078518862
CG2065,0
CG2064,0.0236181691481608
CG12042,-0.0494266725853356
CG12826,0
mRpL52,0.0446469811338256
CG12107,-0.04623007175222
U2A,0.012972374603439
CG1399,0.0461507546438626
CG30493,-0.0119388094326538
CG30496,-0.00345315537117825
CG1941,0.016628704610408
CG18812,0.040448630413807
CanB2,0.441176411926615
CG12825,0
CG12824,0
Gapdh1,-0.265669654124382
mus205,0
Nop17l,-0.0368480490127702
sax,-0.0982690107261412
CG1550,-0.00813342362169147
CG1882,0.0694422722031354
cathD,-0.0834637539759371
phr,0.016628704610408
Prosalpha1,0
CG12822,-0.14217381896675
Atg10,0.0496315106889174
Dgk,-0.00261500080995074
CG30377,0
CG12159,0.136808470195536
Cul1,0.110621377919949
Or43b,0.0371029805688349
Kdm4A,-0.00957418899013149
CG8791,0
CG30381,-0.0705417270316157
rnh1,-0.00764245468976825
drosha,0.010938158232157
CG8728,-0.0562804578288664
CG30380,0
CG14764,0.0804374975020011
CG2906,0.0578533604822428
CG2915,-0.047191647565629
Sep5,0
nito,-0.0475511977967919
CG8726,0.403657045392981
CSN4,0.0741685201129987
ACC,-0.00634907491289382
Nup44A,0.0569190477722272
CR44272,0.016628704610408
Hey,0.016628704610408
CG11191,-0.0320720244768308
Odc1,0
CG14762,0.200853900237585
CR45267,0
CR43724,0
Optix,-0.0370431985405287
CG12769,0.182098175942732
CG17977,0.0884085828121921
lig,-0.0922034732704802
Vps28,-0.124169340749165
slv,0.0428281536479198
CG8712,0.00972360691400694
CG11210,-0.0205526936295247
Cul4,0.040223408850501
udd,-0.00798087038089709
Asap,0.0691416940927834
Nup50,-0.0117282229433905
coil,-0.0515578962061188
Socs44A,0.0957061790582956
Pabp2,-0.0260213991694521
Obp44a,0.948147489840774
Lpin,-0.0741727932221536
kermit,0.016628704610408
RagC-D,0.00226282872460419
Rs1,0.0272474283882969
CG30373,-0.0560953173152755
Gasz,-0.198258493005235
Mlh1,-0.0187222478841967
CG14757,-0.290212728451794
LRP1,0.036510311139031
CG34217,0
dpn,0.016628704610408
pnut,-0.0674906906470713
CR44276,0
CR44445,0
pdm3,-0.0363192616584382
CG11635,0
CG2121,0
CSN7,0.0500681860552999
Lcp3,0
Cyp4e2,0
Mal-A5,0.100038309530933
mtt,0.353280651040323
CG12780,0
CR45308,0
Cyp6a14,0
Cyp6a15Psi,0
Cyp6a13,0.0648504274410489
CG42326,0
CG14752,0
CG8736,0.0494288240037281
CG8735,0.0401029334736022
rgr,-0.0200818599815864
Cirl,0.0657904598428458
Vps25,0.0679087710287774
beta3GalTII,0.102996782202746
CG14749,-0.100337146551344
CG8635,0.047828733775415
ptc,0
Acsl,0.0885686963371407
CG30354,0
CG30355,0
CG8586,0
PGRP-SC2,0
CG14767,-0.0141137604562032
CG30357,0
gcl,0.012806122268356
CG30356,0.014677581881979
stmA,0.0951881088117971
CG8740,0
sns,0.0417340995454292
RyR,0.12217004713338
CG8272,-0.0666945705568755
Dmn,0.0190784096231824
Sec31,0.0983311852570675
CR45202,0.016628704610408
ana2,-0.0140075046027487
CG13751,-0.022934392910994
MrgBP,0.145500466225443
Ggamma1,0.406065574709932
CG8258,-0.0180612649819718
CG30349,-0.00767513466449127
Pgi,-0.0980491327716766
lin,-0.0288516642980762
CG34219,-0.0177892069322034
CG8248,0.516689042168756
Spt,-0.0139785706895036
CG8243,0.184966606814229
CG8237,-0.0436421610961809
CG8235,0.0227147099690376
PAN2,0.0236918225240742
CG13749,0
FANCI,0
CG8230,0.0580934631078105
CG33199,-0.109860906419561
CG8229,0.0430661251061606
Tom7,-0.145974799679885
babo,0.0355303815860987
CG8216,0.223805702634116
PPO2,0.0522491924096297
CG13743,0.0565090631249149
ana,0.0268408280986623
CG13742,0
Dbp45A,0.0580807924692397
CG8080,-0.0111784531511205
CG13741,0.016628704610408
Uhg4,0.0337074487032591
CG8078,0.0633536497511166
snoRNA:Or-CD2,-0.0185990547819079
CG8777,0.0632224128422295
Vang,-0.0502400647906613
Pmm45A,0.0351861505879017
tsu,-0.00587044899250306
Mys45A,0.00283189109610122
Phax,0.0191681431684327
Su(var)2-10,0.109917202566596
GstE13,0.0124977773910749
CG18659,0.1124405826188
Hydr1,0.090334375380038
alc,0.532458367878294
shrb,-0.0016148677927631
Prp38,-0.0327647769388722
CG30344,0.0706462617333872
CG30345,0
CG8046,0
Rad51C,0
CG42382,0.133589939491527
Rme-8,0.010580824991856
ltd,0.216911813648802
CG8027,0.273316200282986
VhaAC45,-0.205949226323922
hig,-0.0833787498741017
CG30343,0
Pkn,0.0090223949620666
CG34141,0.016628704610408
CR45132,0
CG2063,0.107429008940235
CG1968,-0.0684572236205715
Mad1,0.0407691448209873
Drep-2,-0.0354664788811414
Myd88,0.0018983774654228
CG13739,0.0879705584808454
CG13954,-0.290396194714
CR45918,0
CG12158,0.016628704610408
Non1,0.438121029725808
l(2)k10201,-0.0583382884942239
CG33774,-0.0490286126541772
wun,0.536424327666027
wun2,0.419588987831817
prel,0.0537880245161138
Pdk,-0.0550219197686942
ced-6,0.117572492308196
CR45321,0.0331039341855874
Camta,0.076315280379386
brp,-0.133375831648282
CG1888,-0.0300548899948217
CR43651,-0.11479715548816
CR45281,0.0331039341855874
Or45b,0
CG1809,0
Not1,-0.0130752123872476
CG1814,-0.0656995223750976
CG1868,0.0494288240037281
Updo,-0.0845848758346552
CG12929,-0.0267584928182249
RpL31,-0.0444380003977617
clos,0
CG1827,0.0622319800160488
Map60,0.148157272007856
CG1902,0.116139504256246
CG30338,0.0374163297738283
CG30340,0
CG30339,-0.0159513003609627
CR44285,0
GstT1,0.000108209621583153
GstT2,0.0311357160025244
CG12926,0.100726633773544
CR44069,0
Mmp2,-0.498763179151217
CR44070,0
Uba1,-0.0852058026170958
dap,0
sqa,0
trpl,0
CR44205,0
CG1688,-0.270358488688206
CG1698,0
CG1648,1.68835710931944
lectin-46Cb,0
CG30001,0.016628704610408
hebe,-0.0170246907833741
CG1663,0.0724523351051646
Lsm11,0
CG1665,0.00463054993861107
Vamp7,0.148870259528524
CG1667,0
Orc6,0.00113496149394668
Prosalpha7,0.121371085706586
CG1671,0.0176509829055185
CG1516,0.0317226187868707
CG30010,-0.0350807459910306
cbx,-0.0410769010045589
Ntmt,0.00379052589638395
CG12744,0
Sec24AB,0.0669209905458313
CR45467,0
CG1513,0.373332292744268
CG30008,0
CG30007,-0.027304873020494
FMRFa,0.00222864140962679
Etf-QO,-0.0208853309345856
Mef2,0.0438438843769125
CG15863,-0.0265332625133273
Pal1,0.052561439024448
CG1418,0.0479141023405866
Adam,0.0589734382614053
CG12134,0.0177027613724271
TER94,0.0390829423988735
Pka-R2,0.226072367377442
CR44294,0.00772550799574633
CG12128,0.0110591737403221
CG1407,-0.0295573086913725
CG12129,0.0561334720074807
oys,0.0200830817086693
CG34220,0
CoVIIc,-0.213818225870401
CG44296,0
sel,-0.00645006119605021
magu,0.016628704610408
Def,0
CG2292,0.00160369820035362
mRpL42,-0.130305358966267
cdc2rk,-0.000103400227003796
CG1371,0.0874495306482932
egr,0.0880981165085476
CG2269,-0.491344810195003
Jra,0.108919885940062
RpLP0-like,-0.0590942272598262
14-3-3zeta,-0.207336225974333
Pfk,-0.183318268814836
dmpd,0.0243957977187972
Ccs,7.4619403873646e-05
gem,-0.0126188489970372
CG18011,0
KCNQ,-0.00879303316600062
mlt,0.227703151732925
CG34221,0
Hr46,0.049601095003997
Hdc,0
CG12913,-0.00863112278983841
Syb,0.0792475817234205
CR30009,0
CG12910,0
CAP,0.133931106311795
JhI-1,-0.0317612531003386
CG12909,0.0169086745311398
CG34222,0
CG42732,-0.38964048247669
CG43172,0
Ir47b,0
Ir47a,0
CG33477,0
CG33476,0
CG33475,0.016628704610408
Prx2540-2,0.214102741741722
CG11825,0.0489386527891027
Prx2540-1,0.271517240885384
CG12896,-0.0114679535110412
RanBPM,0.130215539247609
CG12895,-0.132236122175575
Galphao,-0.169076014848386
Cyp49a1,0
Caf1-105,-0.00431712400858507
CG11777,0.0733030785567508
whd,0.0309970805241768
CR45134,0.0255900018080295
trsn,-0.112123324922969
CG17765,-0.160801058111636
lola,0.122274659957194
pre-lola-G,-0.0268167745339245
snoRNA:lola-a,0
CR45135,-0.00274903181424001
psq,-0.11258615845397
CG11883,0.0859783601042845
Git,0.149629862904635
Elp2,0.0133609642469395
CG12934,0
stan,0.0749122203621629
Rab3,-0.158035429394484
CG12338,-0.0489611501427783
CG7220,-0.0398235235807549
Mat1,-0.0182573127242828
CG33144,-0.0417302625517706
CR44299,0
CR44300,0
wde,0.222828082219467
CG12935,0.00938878001085572
CG7637,-0.00704843071816161
CG12341,0.0200105428467028
CG7222,0.166275219007095
Prosbeta5,-0.0774731441134463
Lsm10,-0.0224693712652991
RpS15Ab,0.284038815056674
CG12343,0.258153260774387
CG12325,-0.00996279503370923
CG12344,0.0480034315066541
CG7686,-0.00236304611644329
CG30015,-0.0159641396930345
nclb,-0.0394819320516369
Taf5,0.00551620448070456
Pex6,-0.00472461898477057
CG18003,0
CG18004,-0.0480081475286042
CG30020,0.0299596697668803
cag,-0.0438959830072252
CG12942,0.0230019751977933
CG7712,-0.124786619024823
Rpb5,-0.0374220656250679
Obp47a,0
Spn47C,0
luna,1.01425528179244
BBS4,0
CG13229,0.0418606231203763
CG13231,0
CG12391,0.0262315284674077
shn,0.0847935319640189
CG9084,0
Syx6,0.139397945522967
CG7737,0.0656978636154729
metro,0.0901241528251661
CG13215,0
Listericin,0
Cpr47Eg,0
CG9067,-0.0237842561412309
Vhl,-0.103784060236833
CG9062,0.0174589887715506
CG13220,-0.139789627293329
Fbl6,0.0569446453030656
CG18335,0
dare,-0.0318068384093087
CG18336,0.016628704610408
CG42336,0.0152040081587707
CG7741,5.00772975078972e-05
Fpps,-0.0303504987462962
CG7745,0.0683446076952982
CG13202,0
CG12384,0.11854171857998
ix,0.0520661585491032
san,0.0561306535988459
Gr47b,0.016628704610408
CG13204,0.0598456224650041
Tapdelta,0.12047674664652
CG13203,0.016628704610408
Sod3,0.876714317288375
sprt,0
CG30022,0.0446335666281208
CG7777,0
qvr,0.11755856359709
E(Pc),0.0565496491603876
tou,-0.0516298010154926
CR43907,0
Egm,-0.127222636307385
CG9005,0.106297221611874
CG9003,-0.013713403852565
CG34228,-0.0334519027622792
Roc2,-0.148901723321336
Tret1-1,0.029051327974844
Buffy,0
wal,-0.0183376735476517
CG13197,-0.0176997997671311
pyr,0.00388244367714156
ths,-0.164759526228495
CG13192,0.0811887628075883
Sobp,0
CG34229,0.00571128689746127
S2P,0.026793410182946
Sln,-0.105455444054345
Mtor,0.0293386501055839
TwdlBeta,0
Damm,0
CG13185,0.0129910586393612
ERp60,0.0821278958464959
Ef1alpha48D,0.300959932192837
MCPH1,0.0494288240037281
Zip48C,0.0081242909142617
CG13188,0
PI31,0.0310783901650864
ADD1,0.0117204804779236
CG33145,0
CG34231,0.0197139775663807
rho-7,0.0983099948523706
CG8298,-0.0717327691065665
otk,0.40778666658406
otk2,0.0804324419676734
Mppe,0.0234965196740289
pds5,0.0284222978132736
CG8321,-0.0191850310112427
CG43191,0
128up,0.00142144693950795
RpIII128,0.017548771824492
Drep-1,0.0957484929778026
CG30039,0
CG44314,-0.018776423774958
Drep-3,-0.0769246492742038
CG8888,0
jeb,-0.587407598544517
CG18343,0.016628704610408
CG8378,0.00797287424694039
OSCP1,0
Hen1,0.0129105733890555
CG8878,0.0116791645565114
CG8407,0.0331039341855874
Prp8,-0.00110972819104141
CG34232,0.0286692885931078
Oda,0.287724334461295
SmD3,0.0628122196047183
Cct5,-0.0242684906466857
EndoG,-0.030717280237282
CR45264,0
CG8860,-0.161028758050841
wash,0.00902494672791125
SmF,0.0688616030557632
Cyp6g1,0
CG8858,0.0189242274494752
RpS11,0.145219672519714
Sr-CII,0
CG8854,0
CR44313,0
CG43244,0
CG13168,0
Cam,0.907451172046581
CR43900,0.0331039341855874
CG42700,0.0677940153858839
CR45271,0
CG8850,0
CG17739,0.0917513848504572
CG30203,0
CG13163,0.0836044729645993
CG8841,0.0762567252522018
garz,0.0833434459673555
CG8490,0.196176584690678
Den1,0.0373701635772015
CG8839,0.0215835135699758
ana3,0
Cpr49Ae,0
Cpr49Af,0
Cpr49Ag,0
CG30050,0
CG8520,0.000373921044973309
CG8525,0
CG13154,0
Nup54,-0.00350204204418439
DUBAI,-0.0775988547103266
CG30051,0.135845569754645
Dyb,0.022402754335262
Lac,-0.0127613053271765
dgt5,0
CG8545,0.00451789519367021
Dh44-R2,-0.0354650670854309
CG34234,0
fdl,0.153962681066902
s-cup,-0.0349776350379837
achi,0.00941241121906516
CG13151,0.0242910718469243
CG8818,-0.0231998213581853
CG8569,-0.0218439691769987
CG33632,0.016628704610408
fra,0.0793328362477551
CG30056,0
Cyp301a1,0
Ak6,0.0588139925580958
ClC-b,-0.0134158222033148
Sin3A,-0.133075495055204
CR30055,0.124270489227055
CR45279,0
Amph,0.14317949011422
Galphaq,0.0334602715503687
CG30054,0.016628704610408
CG17760,0
muskelin,-0.0305154892014695
spt4,0.0127663120750057
Iswi,-0.0100112208175328
CG8785,0
CG8778,-0.082327615394839
ZnT49B,-0.0564579635336718
CG8646,0.0194856129546632
nemy,0.286274493221081
CG42708,-0.159587574859846
CG8771,0.016628704610408
CG13148,0.0168763238947167
Obp49a,0.016628704610408
CG8768,-0.00409902331791351
CG42663,0.0259688696951637
Taz,0.0667654091072556
mRpL18,-0.15320753118407
ox,-0.230444720047882
Dgkepsilon,-0.0465397538577752
Nacalpha,-0.217626223561883
sca,0.575429427053681
Cyp9h1,0.016628704610408
Or49b,0
antr,0
CG17574,-0.0762791863097378
bic,-0.00700897118273089
CR43469,0
CG3790,0.103571154488626
CR43468,0.0324387046981758
CG3814,0
Aats-asp,0.0594271674103049
Nmda1,0.0203559526514824
CR45141,0
vg,0
NAT1,-0.115988482463249
CG13319,0.0259425018344143
sug,0
CG17019,0.0263831805760925
CG13322,0.0519612038071959
Mdr49,0.016628704610408
Psc,-0.186825961539063
Su(z)2,0.00757684713324653
Drl-2,-0.0470174037243307
CG13325,0
CG3955,0.245220330847587
Cap-G,0.0763039463874482
Ack-like,-0.0118057413130727
TppII,0.107200283323766
CG34439,-0.379130774221775
Nrk,-0.00385413019727682
CG15870,0
GLaz,0.0563703524722902
Spt-I,-0.0130896977394755
CR45142,0
AGBE,-0.00673400010419276
CG33137,0
CG17724,0.00624662786130374
Kdm4B,0.17072267080176
Aats-val,0.0872386149829959
FLASH,-0.024529677001257
CG4627,-0.00641515159054674
CG4630,0
CG4646,-0.0685223218884741
CG17059,-0.125696923673001
Fsn,0.0261721883833941
Dp,0.139163614485185
Pex13,0.0428687493340306
fsd,0.0317226187868707
CG4670,0.00604241371327905
CG4676,0.0804815519596997
CG4679,-0.000296125494083344
GstE14,0.016628704610408
CG4716,0.0282696612867152
CG10799,-0.0325445906669966
CG42319,0
Dh31-R,-0.00814830036909311
CG17047,0
CR44206,-0.0168887175833905
CR45312,-0.63299362034871
CG10814,0
AttC,0
CR45470,0.0550563603200595
CG42321,0.175230504852576
CG30060,0.0249979244462495
cnn,0.0948033809218459
CG30062,0
cbs,-0.0533363641666048
arr,-0.0482288249143939
cbc,0.00955206833283944
cid,0
bbc,0.274756904982475
drk,0.015688652350736
mars,0.016628704610408
mip120,0.00265306972134225
EfTuM,-0.0614895933170447
Vmat,0.0229333362368149
CG13331,0
CG13332,0
CG6145,-0.0158787317790566
CG33156,0.0025343431793116
Roe1,-0.214204704342214
link,-0.0224617349782571
snoRNA:Psi28S-1153,0
CR44366,-0.0195587348582788
CG6191,0.10441625939477
fand,-0.0639825149107633
fas,-0.00757687674596897
CG13337,0
CG18368,0
CG6220,0
Cpr50Cb,0
stj,-0.33652916867237
fl(2)d,0.0262231343672005
CG13339,-0.141809190250846
CG6329,0.122243086791129
CG6347,0
CG6357,0.482643421097179
Syngr,-0.244344625698583
CG6543,0.00807908662486289
Uba3,0.0566353215837256
CG16935,-0.0769446198416436
CG13344,-0.129568645471697
shot,-0.161482141679417
DJ-1alpha,0.016628704610408
AGO1,-0.0398710234465995
CG33155,0.016628704610408
Rpn13,0.0268995518570473
Cp1,0.123329294212887
CG42806,0.00217625776984586
Aats-phe,-0.0596449423615382
CG6701,0.0175273646994126
CG8067,-0.0245352974493121
RN-tre,-0.0178856960131145
mam,-0.18917179672455
mir-4978,0
CG18371,0
Prosap,0.50325769955451
Rcd1,0.0453504192824136
pea,0.0814383572891293
CG13018,-0.130113537363078
CG13016,-0.0099947360529948
CG8257,-0.0438859831199561
O-fut1,0.0464993585848346
Tango7,0.0553100075496586
CG8323,0.00182382833155333
CG18327,0.0331039341855874
CG18324,-0.0809929336782628
CR44368,0
CG8331,0.111799243628223
mRpS16,-0.133442269790401
cg,0.378008301533981
CG30069,0.0292926538969886
VGAT,-0.00589309738102478
Sox15,0.016628704610408
RpS23,0.0375172153264874
Opa1,-0.330026850987262
CG8485,0.0607592608619725
CG8494,0.025637228208554
CG8503,0.016628704610408
Hsc70-5,0.0920312288595194
CG8531,-0.101336207144118
beta4GalNAcTA,0.264424994277621
CG8547,0.0741254976577155
SelD,0.0610979411151115
Ih,0.130379300021254
tej,0
Shroom,0
CG8613,0.0891761449066919
CG8617,-0.0179765496828528
Arc1,0.0126866771637707
Arc2,-0.00699805719387203
Tfb1,-0.0236109891382535
Dh44-R1,-0.0225816080404997
CG17385,-0.132518963819763
Sin1,-0.0362470779201964
CG17386,0
phyl,-0.176302056388994
Oaz,0
L,0.273208045741103
Cpsf160,-0.0296826493226914
Asx,0.0415761521739286
Cpr51A,-0.0170075193927384
CG30197,0.249937137155706
ttv,0.131606187938055
LamC,0
RpI1,-0.023103718120159
Blos1,0.127542042968489
tra2,-0.00236815120961964
CG12868,-0.0416467779883712
CG33468,0
Su(var)2-HP2,0.00795048163782229
Sec61beta,-0.0587031583252492
CG12863,-0.0224744784727134
Uhg5,-0.122522258248846
CG43236,0
CG10139,-0.097153308638209
CG12860,0
mspo,1.48523960641866
CG30479,0
CG30480,0
CR43428,0
CG12858,-0.102630291321704
Dro,0
AttA,0.016628704610408
AttB,0
Rpn6,-0.0268652195317165
ave,0.0946467637772434
CG10151,0.107000899252486
CG12859,-0.110424677872796
Trs31,-0.266733101935012
CG12857,0
Spred,-0.0560328429391907
CR42254,0.0142928739717331
BEAF-32,0.0723411178207751
kn,0.0959305953513738
hui,0
CG10202,0
CR45329,0
NaPi-T,0
CG10209,-0.0473909187545027
SMC2,0.00879605940511024
Ercc1,-0.0428384803535768
Ciao1,0.0893191635917621
HPS1,-0.119686076582288
CG33506,0.0010773125658384
U3-55K,-0.00652805932881592
Inr-a,0.0936828013639434
Cyp6a9,0
Cyp6a20,0
Cyp317a1,0.016628704610408
CG10249,0.203665461105701
CG10253,0.0323084910159655
Lap1,-0.0423211171834362
CG10257,-0.00664846148330689
aPKC,0.0218136792633466
ckn,-0.075257818098055
pcs,0.248561545462652
CG7639,-0.17767731238167
CG10265,0.0583383929757434
hbs,0.0531519156869145
chn,0.143321170067291
Rpb12,-0.134101268610674
CG8089,0.016628704610408
CG7544,-0.0129662791927798
igl,0.870145781246658
GPHR,0.205710670885591
CG11807,0.203744661799613
CG42391,0
Ir51a,0
row,0.0804185717446535
CG11808,-0.0198983760933251
mRpL41,-0.103811112719149
CG8079,0.110111927857236
Fs,0.00669671131183254
CR44370,0
scb,0
Trpm,0.0271544703769282
CG8152,0.0680606138940559
mus210,0.0943471352567596
CG8155,-0.0387382946054662
Arf51F,0.0353839096695395
CG8157,0.016628704610408
Hr51,0
unc-5,0.0197663763392245
Pms2,-0.00928041715025055
CR44458,0.0446815911269361
CR43275,0
CR43186,0
dup,-0.00133077819970998
SRPK,0.148427603888115
CG43729,-1.75821073041182
Mtk,0
CG8180,0
GalNAc-T1,-0.00512493823159828
Khc-73,-0.0357248585029517
CG30467,-0.0110578899514798
CG8187,0.0286646966498951
CR45927,0
Vha36-1,-0.408051439094192
eIF2B-gamma,-0.00931311749265094
CG8195,0.0823219328486317
Flo1,0.168160778549388
CG30466,-0.0385358692369994
Cdk5,0.107043930846103
CG8204,-0.133008241605883
CG42524,0.218253164595215
fus,0
CG8207,-0.068176038244676
Vha14-1,-0.143964057697596
Ranbp11,0.015340708650758
CG30089,0.189545112151011
Zasp52,0
tun,-0.0668922362447521
CG8249,0
Gpo-1,0.264039331350995
Rif1,0
sli,-0.095637171629563
bdg,0.0423810875462466
Diap2,-0.0811294094924721
CG8297,0.13583054696838
Mlf,0.209053129335876
Strn-Mlck,-0.0163732242885991
CG8366,0.0776189146343234
CG8314,-0.10524986753468
Pex11,-0.0458483239383285
CG8320,-0.0678414410911772
ATPCL,0.119664446157651
CG8370,-0.00904827973267498
CG8386,-0.0342535545159109
CG8389,0.170391630575345
CG8388,-0.00043471340917895
Prosbeta1,0.0472768213009244
Rrp42,-0.00435179622556959
CG8397,0.0579382545521699
CG8399,0
casp,-0.0652598789346931
CG8401,0.016628704610408
SP2353,-0.249440273334422
CG8405,0.0371490559551825
Dg,-0.0540158597770914
mRpL34,-0.215545008104971
CG8414,-0.00160708929475218
Rho1,0.0665234147229933
Ric,0.0110928305550349
Asph,-0.00459309707964761
Jhe,0.016628704610408
spin,-0.00164498123234399
Got1,0.192425421213769
CG30094,-0.112117992494216
Aats-cys,0.0783042820275904
Ext2,0.136907304996012
CG10731,-0.0192813892917873
lbk,0.053454968538621
CR45994,0.0436806742393218
CG10734,0
CG8435,-0.0273368147814792
Lis-1,0.404547014683802
CG8441,-0.0819619552293173
clu,0
calypso,-0.0180205783459886
CG44242,-0.253768094913935
CG44243,0.0328555299187559
shark,0.0656064145926926
mrj,0.266280628774656
CG15706,0.00832001916349082
CG15701,0.016628704610408
CngA,0.00143009226047761
fidipidine,-0.118025599230057
csul,0.0356125327981249
Khc,0.0409849317765818
CG15704,-0.0613838966094791
CG30324,0.016628704610408
CG30099,0.0494288240037281
CR43730,0.0205137586598711
JhI-26,0.0583460881741938
CG7747,-0.00972535485814208
Atg9,0.0147965375984701
CR45232,0
CG8060,-0.0512374138570331
CG30096,0.0657075311923133
CG4282,-0.00526127401270621
Vha44,-0.242369247043416
Hmgs,0.152740822129045
CG7997,0.0123741451772822
Nup62,0.10901389177414
wcd,0
Sema-2b,-0.124990368735039
CG4398,0
CG7848,0
CG4409,0.810640693754275
CheB53a,0.016628704610408
Sema-2a,0.303957151532856
Syn2,0.186575812062042
DAT,0.0300777989528234
CG4945,0
RpS15,-0.0196362752050067
Cdk4,0
RpLP2,0.101897180347586
CG8311,0.057459952581402
CG8306,0
CG8303,0
CG5065,-0.345241505277326
Alk,0.142248555636705
gprs,-0.0539305555103426
Picot,0.134412730836947
CG30463,-0.0500018547485319
CG5210,0.0101559028792586
Sfp53D,0
CG15617,0
Acp53C14b,0.016628704610408
Acp53Ea,0
Acp53C14c,0
unc-104,-0.282067987365457
CG42392,-0.535554023182627
CG5348,0
Sod2,-0.107406279179812
Vkor,0.016628704610408
CG5522,-0.0980052773668403
CG15615,0
CR43650,0
IntS8,0.000958778871675049
Fen1,-0.0228279890787875
Dek,-0.00945292011394936
snoRNA:Dek-a,0.0331039341855874
Psi,-0.0525428612942706
Ef1beta,-0.144473479139011
CG6426,0
CG6421,0
CG6429,0
CG6435,0
CG8910,-0.0334316233722798
mir-990,-0.00848201528820481
inaC,0
Pkc53E,0.142346884105864
CG43789,0
CG15614,0
mute,0.0202886755490862
CG34191,0.0661555894733806
PIG-V,0.0789169775764045
CG6665,0.175690861178975
Cbp53E,1.76735159354114
ste24b,0
ste24a,0.035296242108828
CG6796,0.00938878001085572
NiPp1,0.0276785809930338
CG6805,-0.0334650090969918
Ehbp1,0.263070619577646
CG8963,0.283389837990969
Dark,0.0106287952378541
CR44390,0
RhoGEF2,-0.0492389695095155
CR45144,0
CR45145,-0.00364584510531622
CG9640,0
CG9646,0.0359695124382209
fat-spondin,0.0450187480797876
tef,5.85682838212952e-05
CG8950,-0.00973264333257513
CG6967,0
CG30460,0.016628704610408
Sply,-0.0041188791723279
CG6984,-0.0191518289533227
GstS1,0.135440501891832
CG30456,0
CG15611,0
Cda9,0
CG11400,0
Gbp,0
CG43103,0
CG43107,-0.0232935673356066
CR44386,0
mbl,0.256145962703772
Sip1,0
CG6568,0.0279705429672378
CG30101,0
Prosalpha5,-0.0846338356193295
cnk,0.0513601170201562
l(2)k01209,0.056285564285744
CG6550,0.028749884362129
Mtap,-0.0593499178746221
Bap55,-0.0227808069410671
Lhr,0.0026146446215939
EDTP,0.0734718969807349
CG18467,0.359991747599814
robls54B,0
robl,0.201883225347878
CG14478,-0.0628979805696725
Tes,0.00741145175476728
qkr54B,0.0131898364258801
CG43110,0
NT5E-2,0.016628704610408
CG4853,0.0357005843707668
APC10,0.0896418068536685
CG4866,0.0852210510332204
Patronin,0.0487448100715449
eIF3-S9,-0.0520759059517081
cyp33,-0.0613280157158023
RpL18A,0.0850793482724002
MESR4,0.011540287550868
Klp54D,0
CG43324,-0.0960862646633542
CG14480,0.16255647661304
Ns2,0.118865593115001
POSH,-0.00619928446837935
CG14482,-0.322781489519681
CG42239,0.0177318844309607
Rab4,0.0298691502951805
Dcr-2,0.0121917246384175
CG6484,0
CG14483,-0.154373610062027
CR45275,0
RhoGAP54D,0
icln,-0.0407976714865142
CG30105,-0.00715966784292881
Smurf,0.038233666586182
CG11423,0
CCHa1-R,0.016628704610408
eIF3-S8,0.041555642516628
CG30108,0.016628704610408
CG30109,-0.0451132665056038
CR44404,0
P32,-0.200892116145521
Sema-1b,0.0761842043058947
HPS4,0.0678852587837104
CG42561,0.0331039341855874
CG42562,0
swi2,0
rdgBbeta,-0.10539676090581
Uhg1,0.248886317350591
CG6424,-0.485565400945979
CG10934,0
Snx16,0.0400969242975291
CG4984,0
CG4975,0
CG34195,-0.0363944455719254
CG6406,-0.0809992974185896
CG6401,0.0641837342271211
CG4996,-0.0230787547097014
CG5009,-0.0462157788170834
OstDelta,0.0036547946666894
aft,-0.00794163588353864
Ubc10,0.0475841519467434
CG5033,0.0110727066664943
Dhit,0.0712537507852297
grh,0
olf186-F,0.0534391052269192
olf186-M,0
CG14490,0.016628704610408
Mapmodulin,0.333972982219644
CR44417,0.0996934339338593
Elk,0.0185022207115636
CG14491,0
dpr13,0.34383170344136
CG5773,0
CG14495,0.0227037102954469
CG34386,0
CG5757,-0.0115325651859763
CG5098,0.00986111816986549
stau,0.0284449695160823
Spn55B,0.012470759620864
Dip3,-0.00539743060971288
Hsf,-0.0638008092790729
Pcl,0.0102668961899585
pAbp,-0.00822158729897452
CG17680,-0.135569953756438
CG5742,-0.00790376622303676
adp,0.112484279821534
lolal,0.0114558068687661
CG10914,-0.0314033674334693
CG10915,-0.113234009611572
Nup75,-0.0427077893211938
CG42518,0
Dgp-1,0.113934308046369
CG10916,-0.0932022455551822
CG5726,0.00694373781803082
nopo,0
CG5721,0.0872257159262421
CG33958,0.016628704610408
Ote,0.0494288240037281
pen-2,0.105730338423007
sbb,-0.466396290406727
CG14502,-0.0226012304194054
CR42736,0
IM1,0
CG18107,0
IM2,0
IM3,0
CG16836,0
CG15068,0
Idgf5,0
GstE1,0.0351018180384398
GstE2,0.339959237224699
GstE3,0.0148961145730684
GstE4,0.0331039341855874
GstE6,0.0476269131273931
GstE7,-0.0120837051377259
GstE8,0.016628704610408
GstE9,0.0182419403322508
imd,0.0117788356538704
Dp1,-0.0790958775141977
CG5174,0.235360082413793
CG12263,0.0255365495302702
CG30118,0.319940554983355
slim,0.256273181370716
Prp19,0.0352763951725726
CG5190,0.0285292862823069
CG17669,0
CG30116,0.559663350640424
GstE11,0.0331039341855874
CG43066,-0.223373621521619
CG10924,0
Rgk2,0.00286826075715444
GEFmeso,-0.0405338563146422
CG42697,0
CG10927,0.0716218618085297
mRpS28,-0.118727753920994
CG5323,-0.0521369118198782
CG5327,0
Atg7,0.0775304061023794
CG5335,0.0331039341855874
Sec6,-0.00727412858119791
Eip55E,-0.0154239074236124
CG5482,0.173824443187933
CG30122,0.00951510826073061
SP2637,-0.0189191470836486
CG33136,0
edl,0
CG42855,-0.0580442000559513
Sik3,-0.0500643306784778
CG15073,-0.0364999863674253
CG15087,0.0121824270494481
pncr016:2R,0
Hs3st-A,0.0442153578638495
List,0.150729907704848
CG33998,0.0363905806222472
Cyp12b2,0.0813298758202125
Jabba,0
Mctp,0.437476698333045
CR43964,0
CG15093,0.016628704610408
CG15080,0
MFS15,-0.000780404082522671
l(2)08717,0.00503928461518742
Phb2,-0.19930729910373
CG15097,0.0533567340615784
CG15082,0
CG15098,0.166362368740674
CG15083,0
CG15099,0.000274836775456126
CG15100,-0.00573644518889966
CG15084,-0.0272790521586903
Jheh1,0.0385884495448541
Jheh2,0.0928444809602982
Jheh3,0.0674467411408338
sano,-0.051493547497699
prod,-0.0730103507507764
CG15107,0.102894803737446
Topors,0.0445689738339864
5-HT1B,-0.13839908378288
CG43351,0
CG15109,0
5-HT1A,-0.38074774693419
Ir56a,0
CG15117,0.00283168938239218
botv,0.0120490774632564
CG15118,0.094069439133081
CG15111,0.10367454784509
ena,-0.0576410694718386
CG10737,0.159531923194547
hppy,-0.113187406233544
CG7137,0.0279915806073206
cora,0.0840359663900471
rib,0
CG11906,-0.00110633354311763
FK506-bp2,0.2110520742194
mip40,0.0985677636159778
Tab2,0.016628704610408
CG7461,0.0853043561985628
EndoB,-0.242724894587966
Rgk1,-0.0307623128210588
CG11961,0.016628704610408
CG9416,0.016628704610408
CG10062,0.0651849181335377
CG11257,0.012470759620864
SdhA,-0.251702576816187
cer,-0.0515133947733074
CR45925,0.0185022207115636
hts,0.129359058885892
CalpA,0.127086396070838
Fak,-0.0591938289999311
Spt5,-0.00556564741320198
RpL11,0.0347365465094392
snoRNA:Psi28S-2444,0
Arl6,0
EloC,0.130423382179809
betaTub56D,0.138650108270402
CG7744,-0.00846654206320304
mei-W68,0.016628704610408
par-1,-0.0733518551165676
TBCB,-0.0461062522939688
Oseg6,0
Rep,-0.0699529954456524
hpo,0.0078040562467073
CG11007,-0.109505897015339
CR44472,0
sm,-0.283340475881823
CR44474,0
CG18367,0.016628704610408
hrg,0.0313599759635739
isopeptidase-T-3,-0.0130673577292696
CR44506,0.089293749540186
Obp56a,0.0331039341855874
Obp56e,0
Toll-7,-0.063087858900026
CG8654,0
CR44628,-0.00179990601976626
CR44632,0
18w,-0.0225935091092859
CG44625,0
CG11099,0.211769703825401
CG13869,0.016628704610408
Efhc1.2,0
CG11208,0.0591029222269211
CG9864,0
Ate1,-0.108050900411635
Hsl,0.0211693798665059
PCNA,0.016628704610408
RpS18,-0.0577875686550726
CG8908,0
CG10444,0.0613461038252841
CG11788,-0.0550530566273085
CG9143,-0.0334273973551152
CG9090,0
CG16868,-0.00878834807395276
CG11200,0.000677407659726215
CG13868,0.782858755129544
CG8920,0.143249180210181
MED8,-0.0554849459005921
CG8929,0.150677181040768
CG16739,0
CG13870,0
CG12484,0.0454249300561872
CG30154,0.016628704610408
CG18067,-0.0220980597787633
lms,0
Mgat1,0.219387863856108
qsm,0
Nnf1a,0.0095038566061279
bl,-0.0728925708409758
Hil,0
CG9945,0.0322740056865981
CG11180,-0.00565774596477338
CG16742,-0.0214263078586494
rig,0.0227577828761452
CG13436,0
maf-S,0.0118745626320077
CG11110,-0.042729757317465
DMAP1,-0.0357383568411836
Lrt,0
CG16799,0.016628704610408
CG11159,0.0790074519847928
CG13437,0
Fem-1,0.304781520382347
exu,0
CG30152,-0.122553273241005
dpr,1.52123788889461
insc,0
sktl,-0.012859720755199
IM4,0.016628704610408
IM14,0.016628704610408
Ipk1,0
Cib2,0
otp,0
Rx,0.016628704610408
hbn,-0.000615956825357353
CG34115,0
CG9344,0.00205229601979436
CG9313,0
CG15651,-0.0571202467507021
dgt3,0
Prosalpha3,-0.0279117056893274
CG10543,-0.0113752022646946
CG30291,-0.0791578399258208
grau,0.0436570550797913
CG9346,0.100335794927429
CG3295,0.0404424964150624
RIC-3,0.153672691633209
CG9350,-0.189621715227151
shg,0.0183736070406021
cpa,0.101366935882353
CG15653,0.00538454428794446
mRpL54,-0.0764159046968852
Cht8,0.016628704610408
CG10527,0.00323147558024386
CR44704,0
Treh,0.0728493429393561
Rbpn-5,-0.0528749471785062
CG4038,-0.0362293449464703
ktub,0.27899042891579
CG9394,1.22296097239818
CG4050,0.0096619258350304
mago,0.058461515368872
Magi,0.025612708352282
Xbp1,0.0557007330746224
Hmg-2,0.00971725345958547
CG15657,0.0331039341855874
CG30389,-0.0503428446913622
CG4266,0.0214695589101133
hng1,-0.0428665788973143
LSm1,0.0630323034736986
Xpd,0.0765346737975282
Pu,-0.0148143223903208
tud,-0.0325892792366939
Lapsyn,-0.00352387674238646
Glycogenin,0.0342298692920792
CG44245,-0.0542359795501222
CG4302,0.0885062408175033
CG15661,0.016628704610408
ASPP,-0.0154289514029171
Rgk3,-0.0744222108024206
CG30393,0
CG34203,0
MFS16,0.0451039475863273
CG30392,0.198000121923244
Sgf29,0.114744657428933
RpL29,0.130219953979549
CG9752,0
CG42672,0.0325515152644026
CR45149,0
CG9754,0.0126313701098414
CG9485,-0.000877241111677296
CG33655,0
CG30394,0.00759792374831209
dom,-0.0585168586469288
cv-2,-0.013381981685099
CG10795,-0.0251941846452092
EfSec,0.028397198128153
Acox57D-p,0
Acox57D-d,0
Sdc,0.439789136020234
Sara,-0.0186497586504398
Fkbp14,0.0169851296707256
TAF1C-like,0.0716674013635867
MESK2,0.400905989130837
CG10494,-0.0449552940615537
Egfr,0
CG10440,-0.0896706498005489
CG10433,0.0853025878494915
CG15673,0
CG18870,0.0121425263854825
clt,-0.0197600820725262
PTP-ER,-0.0425040931323267
mahj,-0.0296015672918859
CR42547,0.00730668131884774
CG15674,0
CG10321,-0.00706688017791237
CG10082,0.213379705356358
CG10320,-0.352142405865791
Rae1,-0.0354070243897309
pirk,0.0110507436460867
CR44748,0
CG42364,0
CG42365,-0.0691762617799433
NC2alpha,0.0682037884743867
stum,0
CG10306,0.0485575306535492
Tbp,0.0335126588888699
CG30285,0.121785974831506
CG10307,0
Tim10,0
CngB,0.0167807264770028
HmgZ,0.00944081952259297
HmgD,-0.000860251285349856
CR44749,0.016628704610408
CG30403,0.00853359369164058
Tango11,-0.157069241559624
LBR,0.016628704610408
lox2,0
Fili,1.13946493669522
CG9304,0.0131753013192005
CG30401,0.016628704610408
CG34370,0.241287749441042
CG13500,0
Snp,-0.111542679982848
CG44249,0
CG11475,0.0331039341855874
CG11474,0.0328635514113384
CG2921,-0.0242516259613732
GlcT-1,0.0968604248459558
Synj,-0.0602486436954928
CG13502,0
CG11073,0
CG6613,0.104831696483163
Vrp1,-0.036367392818623
CG30281,0.016628704610408
mei-S332,0.0261517490772207
GM130,0.0280572071323909
a,0
gom,0
CG3045,0.00892973177947004
CG6758,0.131023598154969
CR45151,0
CG11170,-0.0100463094322152
CG11275,0.0331039341855874
MED16,0.0124159650957515
Vps35,0.00991325874292108
Swim,0.00830114471270303
ari-2,0.0757686788670387
Oatp58Dc,0.0459901709467567
dve,0
wdp,0.0410138666891394
Gp150,0.014677581881979
T3dh,0.0331039341855874
CG34208,0
Liprin-gamma,0.803946830770561
Rtf1,0.0437867573714663
CR45327,0.016628704610408
wrapper,0.028299868826238
CG13506,0.160184810881548
babos,0.00831183779725774
CR44760,0
CG6044,-0.240897907888995
ventrally-expressed-protein-D,-0.0892838801555797
qkr58E-3,-0.0824207748679655
Mes4,-0.113172354906413
qkr58E-1,-0.0662954485088394
qkr58E-2,0.0243207090285562
mRpS29,-0.0823074103681403
rad50,0.00193291559806363
CG10344,0
CG10384,-0.0804611352488866
CG45062,0
CG4752,0.016628704610408
CG4554,0
CG4610,0.0235904183997018
px,0.118303776417979
CG6018,0
CG11362,0
dnr1,-0.00299728288172674
CG4269,0
CG4294,-0.157411069455665
RpS16,-0.0432687715623602
snoRNA:Psi28S-1175a,0
Vps20,0.0432841851626994
CG4329,0
CG33143,0.0435720634130446
CG17807,-0.0157263340795157
Cdk9,0.0357691404336975
bonsai,-0.147656999219513
CG3732,0.0124119989482064
RpS24,0.106383703810931
Ugt58Fa,0.016628704610408
CG2852,0.0145294324877844
CG30195,0
CG34446,0
CG34445,0
CG3746,0.0262845232747695
CG4250,0.016628704610408
CG42867,0
CG13516,0
RYBP,0.0107528606386178
Ppa,0.513939050685965
robo,0.0322752047396209
jbug,0
CG42260,0.266538232510251
CG13526,0
blw,-0.355155970850406
stl,0.016628704610408
CG30271,0
CG13531,0.0331039341855874
RpL23,0.012705852346873
inaD,-0.00224126957066178
fd59A,0.00999985208721381
CG13532,0.014769428985189
CR45469,0.044407727044113
PIP5K59B,-0.0397638960175453
CG3501,0.256652201982185
CG3499,-0.0375576596784271
asrij,-0.000506373869179706
Gmer,0.0112347726752497
MED23,0
CG3700,0.0358409143058338
nahoda,0
CG30187,0
Nup214,-0.0305045965542529
CG42678,0.347006186925618
CG3788,0
CG3800,-0.106923920825255
CG9849,-0.00325945292811482
CG3831,0.0350658948576166
CR32835,0.016628704610408
CR44780,0
CG9896,3.9852971910601
CG42741,0.016628704610408
l(2)06496,0.0312432910464688
CG9890,0.0376627837196463
l(2)k09913,0.034294551167852
Fib,-0.0240975526399231
Art7,0.0213350496372579
CR44782,0
CG34371,0.873624499589144
Rpi,-0.0237973713583438
CG3500,0.0443768912527238
CG34423,0
CG34424,0
vir,0.00993358962679228
Ice1,0.016215216602197
Golgin245,0.188827001842891
CG13551,0.100609962589125
yellow-d,0
CR44784,0
CG30414,0.016628704610408
CG30415,-0.19111105604794
eIF2B-delta,0.0116044489471065
CG3530,0.0645985281513963
CG3520,0.0408201738976989
CG9812,0.016628704610408
CG9815,0
CG43795,0.21961910654459
CR43792,0
RabX1,0.00985188132759406
mi,0.00612717689841574
bw,0
CG30185,-0.0436833535664195
wmd,0.0435483631784709
levy,-0.475658262747801
pita,0.0158275144870931
Dcp-1,-0.0343033008240574
Rrp4,0.00212727758655984
Pi3K59F,0.103108771570744
CG30184,0
apt,0.016628704610408
CG4019,-0.04628994349056
retn,0
Pde8,0.0113295322552511
St3,0.980726481637576
l(2)efl,-0.00849111987490318
Pal2,-0.150505319042101
CG30183,0.0337540397032794
angel,0.0574793621092546
mRpL43,-0.139010099373404
CG4091,0.0845078193970775
l(2)dtl,0.0466079072178094
l(2)not,-0.0354195980926056
l(2)tid,-0.160323419930946
Sesn,0.00279156758620877
egl,-0.0578432746879936
CG5532,0.175681598311286
CG9850,-0.012638974304539
Ssrp,0.0064304132671358
CG5543,0.000958407202510259
Nxt1,-0.0175362300920179
CG4797,-0.0540700680362029
CR44807,0
CG5549,-0.129262325002662
Snap29,0.210443458321526
CG5554,0.147692698993131
ytr,0.09510710227168
eIF6,0.0170327881739861
CR45928,0.016628704610408
gbb,-0.0129544304579904
Pym,-0.0627986934255259
TBPH,-0.0314440551653951
CG4585,0.00694890583680057
CG5569,-0.0786057575914472
Thiolase,-0.0546167984282254
ken,0
TM4SF,0.381922778280415
CG4882,-0.142742799638374
PHDP,0.016628704610408
DCP1,0.0503376946337449
DNA-ligI,0.0659478177584392
Upf3,0.0167470111211394
CG5339,-0.0060564539977499
Lpt,-0.026902100300859
CG13562,0
Nap1,-0.0717414213665039
CR45926,0.016628704610408
kcc,0.0888661915803765
CR44806,0.000622116320064947
Ca-P60A,-0.0525686195941184
CG2812,-0.0144242921995554
CG3735,-0.00868970545598288
Tal,0.030883587772277
Galphas,0.234200504947077
CG13565,0.124144181900125
CG2970,-0.0122769955087863
fzr2,0.016628704610408
CG3803,-0.168266087256477
thoc5,-0.0731972355622984
CG16787,-0.0629757710780394
alpha-catenin-related,0.0247442479723448
Alas,-0.135923490559092
CG34213,-0.00104287612304658
or,0.180616651723309
CG10904,0.0509352548952911
CG3065,0.0978742447694048
mr,0.00563666834392892
Gadd34,0.169331775989073
Sox14,0.0299558359950252
Phm,-0.219741723310334
Pask,-0.0234311252440001
CG3860,-0.503329966181623
Unc-89,0
CG3907,0.292004461168302
CG11388,0.0396036368149258
CR45350,0.016628704610408
Adk2,-0.056238362639453
PebIII,0.0827968186215707
HSPC300,-0.0229613114217315
CG3163,-0.0825128650939824
CG30172,0.0196083367006554
Chi,-0.0430135099716271
MAN1,0.0383247063874902
Not11,-0.0227993286317551
IntS1,-0.0160088099883834
tsr,-0.00687285259607973
gammaSnap1,0.119878709700317
sei,0.0365988772014662
ppk29,0
eIF-5A,0.0614170331500903
CR44814,0
RpL12,0.243422575132784
RpL39,0.05821602019207
Rap2l,0.0648480001597703
yki,0.104598451132246
CG3209,0.00171012356405142
snama,-0.0351759496930165
gek,-0.0133291682892134
enok,0.00405770267365854
CG4049,0
CG3253,0.161139364060362
CG3257,0.0226162759223385
tamo,-0.0996444051674401
Zfrp8,-0.0250446273330955
CG4065,-0.0656237504542087
Dat,0.0150286640863688
spag,-0.0537049405622758
CG3328,-0.0134785291263984
mRpS17,0.0315596775876304
Nop60B,0.011249782005122
ocm,0.0481288549051759
cN-IIIB,0.0057071581044119
CG3356,0
CG11406,0
CG30419,-0.00487080780721516
nord,-0.00356240117250279
CG3376,0.112281596376835
nvy,-0.0986671514155554
CG3394,0.0381447226906804
betaTub60D,0
bs,-0.00238377855007909
CR44811,0
CG13578,0
mAChR-A,-0.062975733226297
CR44813,0
slik,-0.00255997105530713
Rpn8,-0.0701659535546529
SerT,0
prom,0
CG4563,0
CG13579,-0.0278657100342799
CG3494,0
Letm1,0.10252761453783
CG4612,0.192455174421284
Brca2,-0.0287693449849887
CG13585,0.278403364823078
CG4622,0.0947893470101877
CG11413,0.165091555147944
ITP,-0.0182751355949457
Nurf-38,0.134210607835558
CG11414,0.0483166525506638
uri,-0.0205805118541315
Fcp1,-0.00450950799409735
CG3511,0.0247840243040181
Start1,0.0557831689114544
SIFa,0
pio,0.016628704610408
CG4692,-0.422547428463129
CG3548,0.156140094891175
CG3570,0.0449571090724307
CG4707,0.0531003449435721
CG42360,0.0634440574412882
CG42361,-0.015050492822686
CG4741,0.0291457095270551
CG3608,0
CG13594,-0.0938357729799947
CR43787,0
Cyp9c1,-0.00562744013646673
CG3640,0
CG4781,0
CG3663,0.016628704610408
Cpr60D,0
NDUFA8,-0.321310504106213
CG34214,0
CG4806,-0.0427886814363763
CG33228,0.00279933769946955
Pof,0.00072584237473066
Mmp1,0.000466419586795869
ST6Gal,-0.243662823075429
Mid1,-0.438710639943433
CR44828,0.0072282326140592
CG30421,0.069854364516752
CG12848,-0.16536439012621
CG3894,0.0844018227222989
GstE12,0.382112218477392
Eps-15,-0.0174545835994048
egg,0.0161819021401273
CR44067,0
Eap,0.0180051448938874
Aats-tyr-m,-0.0807293426782428
CG3589,-0.0293415739300052
key,0.00523938982323367
Reg-5,0.0263381242355879
ETH,0
Orc4,-0.054687402341231
Dll,0.00668317937944451
Atf-2,-0.0110650645773877
CG16896,0.0144455409754362
CG30423,0.10744568215224
CG44247,0.0274459779688439
CR43466,0
NKAIN,-0.0099710617423764
Ance-5,0
NaCP60E,-0.00185583999667342
Tpc2,0
CG9083,0
RpL41,-0.150179099341504
pain,0.0265576212422995
CG3760,0.0112096333820242
CG2811,-0.0702332357241298
Tina-1,-0.123359573120619
CG15861,0
CG3770,0
CG2790,-0.0175028838133014
CG12851,-0.0538927650706731
CG2765,0.0071970974807584
CG30424,0
RpL19,0.116939795849156
CG3776,0.0881739899536505
Phk-3,0
emp,0
zip,-0.0355734494832985
uzip,0.207821258995929
Nplp1,-0.111006000084795
gol,0.194187813265928
lov,0.0210598336421562
Kr,0
CG30428,-0.00406999581564802
CR40469,0.0900610341820625
RhoGAP1A,-0.0272652083344841
CR45473,0.016628704610408
tyn,0.0507317634749884
CG3038,0
G9a,-0.0356879379295787
CG42376,-0.121720619755373
cin,0.0552335954308546
CG13377,0
CR43906,0.0331039341855874
CG13376,0.016628704610408
ewg,0.0942206972084307
CG13375,0.0653315733201399
CG12470,0.016628704610408
Or1a,0
CG32816,0.016628704610408
y,0.016628704610408
CR44753,0
ebo,0.0231180497403144
CR18275,-0.00931943671369083
CG13373,0
CG32817,-0.0157321027484784
CR18166,-0.0173300319358285
CG3176,-0.0640501899194539
CG18273,-0.00666486272519847
CG3156,0.0194189259493459
CR45797,0
CG17896,0.151072988872613
CG17778,0.182765141982724
svr,-0.158710816667011
CR44892,0.016628704610408
elav,-0.157055569883009
arg,0.0189834584899711
CG4293,0.0307530010080522
Appl,0.866013026755465
vnd,0
CG13366,-0.0284599951892593
CR45474,0.016628704610408
CG13365,-0.0613701521877261
mod(r),0.0899585304067273
CG13369,-0.064568046398389
CG13364,0.00978102176578711
CG17829,0.0364428190598819
RpL36,0.125192352789399
l(1)1Bi,0.0235621477394277
Dredd,0.0200221573557685
su(s),-0.0499851705751602
CG13367,0.031231466375465
Roc1a,-0.0553592251466737
Hmt4-20,-0.122021562753414
SkpA,0.112649952470129
sdk,0.00434939882811887
CG5254,0.0596415797152185
CG5273,0.0280394843330135
CR44965,0
RpL22,0.0558914832614778
CR42491,0.0397611755176847
snoRNA:Psi18S-531,0
snoRNA:Psi28S-2179,0
fz3,0
CG16989,0.0115363465564898
Rbf,0.0278361511533947
Sec22,-0.0333380969333898
CG43867,0.18112899784421
CG14635,0
CG3713,-0.105596377711366
CG3711,-0.0518785220012445
MED22,-0.0618428311619931
CG3706,0
CG32815,0.115466503219831
TRAM,0.0606227942194751
CG3704,-0.0554998617741185
mus81,0.0257245864182381
CG3703,0.29693167037232
TfIIA-S-2,0
su(w[a]),0.0510699388697624
CG11638,0.128061674236585
CG3021,0.0717635753947589
CDC45L,0.0209585559377799
CG33082,0
CG14630,0
CG42259,-0.0234668682246975
CR44779,0
CG14629,0
CG3655,1.12522260114351
CG11378,0.0029664920065563
CG11398,-0.0299791945394534
CG3638,0.0604153607962606
CG11403,0
Atf3,-0.00634271501446781
CG32812,0
DAAM,0.0207856868662508
CG11412,0.00366924076005381
CG11418,-0.00900249531465168
Tsp2A,0
CG12773,-0.0410372094685442
CG11417,-0.0628063864485907
png,0
CG14770,0.016628704610408
ssx,0.304534806243268
AMPKalpha,0.0327134313863381
CG3719,0.464555038441296
CG32813,-0.0459913183511305
CG11448,-0.14777745371133
futsch,0.518194527900472
Gr2a,0
CG14785,0
CG14786,-0.0400811795095693
CG14787,0.00335921060366743
Ns3,-0.00805321486774218
O-fut2,-0.0159060121613571
CG14777,-0.0630781078264242
CG14778,0.0807706948682745
CG32808,-0.0396436721072068
pck,0.0924381491161262
CG14780,0
Rab27,-0.0242104947329679
rush,0.19241030070509
sta,0.00340898759129742
inc,0.179774159509876
Nmdar2,-0.0486780280559175
CG14795,0.00981036684998086
Mur2B,-0.000322967358826668
br,-0.0525244262862997
CG11509,-0.0112841013130479
dor,0.0281630949169307
CG3740,-0.0523434484575917
hfw,0.0442526551102392
CG32809,-0.038054553966405
CG14797,0
CG14798,0.016628704610408
a6,-0.0179195019366401
Scgdelta,0.0198344401788466
CG42666,-0.0341361962025303
Adar,-0.0172842019231379
CG14812,0.201740953727278
deltaCOP,-0.0263163541859307
CG14814,0.016628704610408
MED18,0.116460434126275
Pex5,0.00454131052418797
CG14803,0.016628704610408
Pgam5,0.0541711710851737
Vps26,-0.0851830709414617
CG14817,-0.0823954539935062
CG14805,0.0341299480445783
CG14818,0.00220222523870221
CG14806,-0.153650206696644
trr,-0.0221904084063976
mRpL16,-0.154120180832946
arm,0.00956518677661115
CG32803,-0.0466480258505894
CG32801,0.0175273646994126
Edem1,0.0135362150220745
mip130,0.0102026109790806
Rbcn-3B,-0.0973764531594569
eIF2B-epsilon,0.0969517476079386
Ocrl,0.0685982950217732
CG11596,0.10069307163894
CG3857,-0.01492813785829
CG3587,-0.0322159401052872
Hr4,0
CG4406,-0.0149600440358269
east,0.0506810130544279
Actn,-0.0693460225314386
usp,-0.0692003913858966
CG4313,0.0735585568678396
CG4325,0
moody,0.129827075626078
Sik2,-0.0138781378240913
CG4281,-0.0187815137609965
CG4199,-0.00261500080995074
CG4061,-0.0281822509347763
CG4045,-0.0275303394210281
CG4025,-0.00706688017791237
CG16903,-0.0780979368631684
Unc-76,0.317527350894765
csw,0.310508291450301
ph-d,-0.0156499603544815
ph-p,-0.0551242650099001
CG3835,0.0232330525326906
Pgd,0.0049705890488288
bcn92,-0.0325533560083914
wapl,-0.0275138865940921
CG3630,0
CG3621,-0.126514677138396
CR45479,0
CR44690,-0.0112818287338024
Cyp4d2,0
Cyp4ae1,0.0140401526344901
pn,-0.0245273780525215
Nmd3,0.0583066000208479
CG17776,0.105767604064477
CG17777,0.016628704610408
Mct1,0
msta,0
Vinc,-0.0346087092466249
pcx,-0.0152903421078235
kz,-0.011585320984358
fs(1)K10,0.0575792884834389
crn,0.0399458333605157
CG3191,0
CG3091,0.0452555869976089
CG3078,0.0299184908157924
temp,0.189357927487219
CG3071,-0.0194987395298866
CG2924,-0.0231557354367778
CG2918,-0.0663298866701209
CG2865,0.184796098948977
phl,0.0501066293389537
CG14050,0.016628704610408
Ilp6,0.0209374080750005
mRpL14,-0.152748096733143
ptr,0
PsGEF,-0.249237006958512
CG32797,0
gt,0
tko,0.0214434303572412
boi,0.016628704610408
z,0.116138255635293
trol,0.145166514918795
mir-4955,0
Pdfr,0.412807696777418
Vha36-3,0
CG13759,0
CG13760,-0.134292329141774
wds,-0.0713227496840329
egh,0.11519834985617
Klp3A,0
Zw10,-0.0427276892154168
Bzd,0.0149996006523733
CG8636,0.0133838655695213
Tsp3A,0.116522332987526
Seipin,0.0331039341855874
brv3,0
PI4KIIIalpha,0.0164784884346953
sgg,0.0775911989464755
CG2652,0
per,0.0133917921197417
CG2650,0
CG2658,0.015951326524215
CG2662,-0.00522749036069794
Csat,0.037723737326577
eIF2B-beta,0.0433166232327422
CG2680,-0.0686805422549328
CG2681,0.016628704610408
CG2685,0.0446793057804269
CG2694,-0.0141160742237159
CG2701,0.00107271720332397
dwg,0.00814911606490699
ttm50,0.0998917866062954
CG2712,-0.0209479880863994
crm,0.0389741836446255
Syx4,0.0226580043974259
kirre,0.0970966582139195
CG32795,0.23082131126824
w,0
CG14416,0
CG14418,0
CG3588,0
CG14421,0
CG3603,0.016628704610408
rst,-0.0235969706295013
N,0.0780711231891335
CG18508,-0.19533832267203
Fcp3C,0
CG3939,0.00430109922003509
dnc,-0.289208676706054
CR44886,0.016628704610408
dm,0.114865443364163
CR44999,0
CG12535,0
CG10804,-0.247379523780396
CG10802,-0.059605590504326
CG14270,-0.054997205282642
CG10803,-0.0347847031290032
Gas8,0
CG32791,-0.00818632674737541
CR34335,0.233394904683507
ppk8,0
CG2875,-0.0202409250265594
AstA-R1,-0.118924025609495
Ilp7,0
Parg,-0.0157329756583364
Mnt,0.0207497476583343
CR45102,-0.041416385979538
Rala,0.00470108086628163
tlk,-0.113224259323314
mir-4962,0
HIP-R,-0.13378023323565
Crg-1,0
HIP,-0.119895233152269
ec,0
roX1,-0.0335549846645618
yin,0
CG2930,0
VhaAC39-1,-0.176911320135217
CG15239,0
CG42541,2.89234033421245
CG2938,0.0544914697818326
CG2941,0.0206954857826347
CG32786,0.016628704610408
CG32783,0.016628704610408
Vap-33A,0.0599774094735653
lva,0.00188611093472444
CG6428,0.0454400740920102
CG6414,0
CG43689,-0.0236291268089351
CG6379,0.0482024406572492
Xpac,0.0223374952940689
brn,0.0191610553936974
cib,0.188806034662034
Nsun2,0.0120490774632564
dgt4,0
Tip60,0.0855127927930229
tyf,-0.104386124758215
GlcAT-I,0.0417200093731762
Fas2,-0.0095924550513038
CG15579,0
CR44957,0
mei-9,0.018110506187028
CG2982,-0.0543847599951178
mRpL33,-0.194727608214082
norpA,-0.260812930504494
CG3626,-0.0140719402620461
CG12688,0
CR32773,0
bi,-0.17447223517561
CG3556,0.0705368474224579
rb,-0.0522883103606064
CHOp24,0.180792703417005
CG3568,-0.0306774031088036
Usf,-0.130331546443092
CG15912,-0.0923989869033658
CG11436,-0.0365546829004367
CG3527,0.00176450030822156
CG11444,-0.0538930804928802
peb,0
CG12184,0
CG12179,0.0342302116537978
mRpL30,-0.133584544477745
Torsin,0.00714419348471973
Cbp80,0.0189525475372539
CG15473,0.0331039341855874
CG3009,-0.168131071763814
rap,-0.066462424571082
Pp2C1,0.0330358969214214
ctp,0.343261469486887
l(1)G0334,-0.058639240717286
CG7024,0
Proc-R,0.0423862246532237
CG42594,-0.315233996112754
CG12681,0
CG6927,0
CG32772,0.191281339216963
CG4041,-0.00810715189238937
CG6903,0.0255655542287866
CG44774,-0.113650131895055
Ptp4E,0.0260450246380502
CG32767,-0.2520116364271
rg,-0.0423708161619798
Rpn13R,0.016628704610408
CG42749,0
CG17764,0
Cdk7,0.00390617090452152
snf,-0.126296175562338
TrxT,0
dhd,0
CG15930,0
Sas10,-0.0298445042068432
Rnp4F,-0.00789989377386188
Mcm3,0
CG3309,0.0341435028725371
XRCC1,-0.0175343500618848
CanB,0.451224380558831
SK,0.00439800082574331
spoon,0.104444622717231
CG4165,0.112120979470569
CG16756,0.016628704610408
CG15784,0
CR44471,0
SPR,0.577665888891885
frma,0.016628704610408
CG12730,0.249764327694508
CR45518,0
Vsx2,2.88823584199338
Vsx1,2.36842457738819
RhoGAP5A,0.0106442968387438
Mlc-c,0.0800957346318864
l(1)G0045,0
CG42492,0.397728243211033
CG42265,0.173804088218073
CR45520,-0.0101152710484037
Sirt4,-0.0441549307362639
CG4119,0.0293819557815125
Rab18,0.0403283840461264
RpL35,-0.0189312863822242
Tre1,-0.00619928446837935
CG3160,-0.027304873020494
cv,0
CG3149,-0.0395313715409454
CG4096,0
CG33080,-0.00794163588353864
CG32758,0.00721939249291248
IntS6,-0.151331116992819
CG4078,0.00871731829236447
CG15772,0.567894938768752
lin-52,0.067658904809336
CR45528,0
CG15771,-0.0245032730925698
MAPk-Ak2,0.106433322647383
CG42699,0.00611978405661883
CG3097,0.016628704610408
CG15767,0.016628704610408
CR44832,0
CG12239,0
Cpr5C,0
CG15766,0
CG15765,-1.00174175660483
CR43264,-0.0236000775794597
CG43137,0
GAA1,-0.0833174487894512
mof,0.00601019234002181
CG3016,-0.159142040214388
CG16721,0.2046704219613
CR45668,-0.0150623031973025
Act5C,0.511963619865295
CG4020,0.016628704610408
CG12236,0.139594963975718
CG3011,0.0458734361255937
CG3726,-0.469831412811768
CG12728,0.0995204955696141
CG32756,-0.00329948527004401
CG6041,0.0198338402005403
CG32755,0
CG6067,0
Grip,0
CG5966,0
CG4766,-0.0213183302832423
CR44498,0.016628704610408
mab-21,-0.0406297773106462
CR44499,0
rux,0.0280711951689546
CG5941,0.0266615664239249
CG5937,0.00946338140054021
Tsp5D,1.48292643720756
CG4666,0
CG4660,-0.0149213886849289
raptor,-0.0251877192807117
Mipp2,0
Nep1,0
Ca-alpha1T,-0.410875143694878
Efr,0.124096306277139
sqh,-0.194051076852979
CG14446,-0.0364035809693686
CG14445,0
Rbcn-3A,-0.0619147712279531
Spx,0.0156486637181949
schlank,0.00699540202771743
CG3781,0.108604572562118
Spt6,-0.0100506269656371
CG3566,-0.199736803767609
Ubi-p5E,0.0468164371655587
CR45530,-0.0155549825959264
CR32745,-0.0301727962754101
CG11700,0.0100823916671203
Top3beta,-0.0915959585544803
wuho,0.0253461654449982
Rpt4,0.0094090541016924
CG15896,-0.00851311753925766
CG15892,0
CG15891,-0.0512417945127649
CG3815,0.00448093608241498
CG12219,0.0426974822210749
CG3823,0
CG15894,-0.00335374925415815
CG42240,-0.177174003402137
CG3842,0
CG3847,0.017759509157479
CG3446,-0.0855503299959662
kdn,-0.247876859265022
Marf,-0.101228142685737
CR44816,-0.0107610304350641
PpV,-0.0342769573034916
CG33669,0
CG42340,1.26918651025058
CG3918,0.0539781111932796
CG3342,0.0456783648698525
RpL7A,0.210452847159307
dx,0
CG34417,0.00571419914011533
Pat1,0.0234938123550106
pigs,0.83318280836855
CG3226,-0.105720639016391
l(1)G0148,0.0535660176305264
CG3224,0.00353544256143816
Ctr1A,-0.0246832978043293
CG3198,0.112008956331027
Mcm6,0
CG3192,-0.187377568216643
l(1)G0255,0.00490654319973459
CG4095,0.00217733089342254
Pink1,0.0559261726485012
CG3184,-0.0250505367551515
CG14442,-0.0395257777223824
CG14440,-0.133550494728272
CG14441,0.188626692360267
CG3168,0.0892187333775031
CR43461,0
RpL17,0.257644443830536
snoRNA:Psi28S-3436b,0
CG14439,0
CG14438,0.134661276733334
CR43496,0.0915900296052147
COQ7,-0.156317914807895
shf,0
C3G,0.0106470637289759
pod1,0.0227680330965177
iav,0
Nf-YC,-0.00334157265204944
xit,0.0174206791828453
Atx-1,0
nonC,-0.0373605605097648
CG14435,0.0728377526052269
CG4557,0.0474692483501617
Cht11,0.00634146825889189
CG4558,0
CG14434,0.0130897986972575
CR45531,0
CG43736,0.101047485001639
CG14431,0.027105947583602
CR4575,0.016628704610408
CR32733,0
CG32732,0.162818033678448
CG3040,0.0210510122748115
ogre,0.650398602113805
bou,0.0545824621941687
Inx7,0
CR43837,0
Inx2,0.570346186340064
cm,0.114478301377999
CG3032,-0.0219731563951346
CG4593,-0.0127999493908369
CG12541,0.146376468066071
CG4607,0.0494288240037281
Sxl,-0.0248273199676468
CG4615,-0.089176024774154
CG4617,0.0733222712745879
CG8300,0.0407304131233626
fz4,0.029051327974844
CG9650,0.549014759188343
CR32730,0.016628704610408
CR44357,0
CG1677,-0.0574286955230315
CG2059,-0.0739439257156596
unc-119,0.187774259974465
brk,0.0195345308788238
Atg5,0.0851615680838123
Dok,0.016628704610408
CBP,0.016628704610408
CheA7a,0
CG42246,0
CG9657,0.62306993265924
CG32726,0
CR45533,0
CR43199,0
CG11368,0
CR44500,0
CR43279,0
ct,-0.847680728170314
CHES-1-like,-0.0887491687201531
CR43287,0
CG15478,0.0429100337469659
Hira,0.00794817646953904
NELF-B,-0.031280741182463
CG12155,0.0291625794674448
Pdp,0.121999679637629
Rab39,0.123645728894657
Tom40,-0.00728021710963338
CG34338,0.016628704610408
CG1402,0.0457768180750115
CG10932,-0.0188152199564717
Nek2,0
CG18624,-0.0223738150435945
p115,-0.00791903380099256
RpS6,-0.0528399353830182
bys,-0.0471910044744749
dpr14,0.238698545724693
CG1444,0.000880178065356145
snz,0.073578410757119
hdm,0.016628704610408
Ykt6,-0.0540360175948584
CG10777,-0.039201310560621
CG10778,-0.109754744398573
RpS14a,0.135691909896296
RpS14b,-0.00999789942484599
CG42593,-0.0111691023498553
l(1)G0193,0.0873734270997146
CG15332,0
CG15330,0.016628704610408
sws,-0.061007153756967
CR45620,0.016628704610408
sn,-0.0292550784514531
Tbh,-0.0338068605695347
CG2233,0
fs(1)h,-0.118094596066786
mys,0.0135374756602645
Upf2,-0.00562744013646673
CG2254,0.0158836852858066
CG2256,-0.0164768044627131
CR45535,0
UbcE2H,0.0290020107666047
CG2258,-0.0330522812804983
Gclc,-0.0726371470923995
CG1575,0.0725135853587605
CG2260,-0.0222297739728721
cyr,0
CG2116,0.081263639534009
CG10958,0.00892195689588905
CG2120,0
Smox,0.193057318940999
CG17982,-0.0355420817010862
CG2263,-0.0679018699468319
CG2129,-0.011479536003726
CG10959,0.0187926071893519
Gbeta5,-0.525777954228106
CG18262,0.0168552044753812
Traf6,-0.0498197864423269
GIIIspla2,0.200016151412296
CG2278,0.0179633744242898
slpr,0.0117946663752701
sdt,-0.427904089247058
CG2147,-0.0432761995225723
sni,-0.0590126943193012
Trxr-1,-0.0311423671238661
ND75,-0.0864110438133943
Corp,0
CG15343,0
CG1636,0.268223559469385
nAChRalpha3,0.0482510696085618
CG15345,0.0821178627197246
CG10555,0.0957496539650849
CG11190,-0.0441247312817071
lawc,0.253352555246683
Trf2,0.170955147873787
CG32712,0
CG12125,-0.0463093266549383
CG1440,-0.00335352455359434
CG12123,0.00172499410874537
Es2,-0.127636245519757
Sptr,0.0283736069695835
Cp7Fa,0
Cp7Fb,0
CG33181,0.143193134336714
Nrg,-0.234059765961363
PIP82,0
IntS4,0.0243703757803486
CG12112,-0.0204561022173259
Trf4-1,-0.0495863666941338
CG12065,0.196060559485637
CG12081,-0.0667420760079174
CG12659,0.0176155105980224
Crag,0.0843869014540548
Caf1-180,0
oc,0.016628704610408
CG12772,0.0317505907485857
CG11284,0.0594341807619732
Ppt1,-0.0367497792909036
Ogg1,-0.00517787967909436
CG11294,0.0845818160519643
Hexo2,0.321881224946088
CG2004,0.061885733313985
CG1785,-0.0268030448805031
l(1)G0020,0
CG1789,0.00460250230471172
Lim1,-0.0210380538006027
Moe,0.108986251633483
CG1885,-0.0346695618173668
Rbm13,0.00386588242551882
e(r),-0.0128869354166274
rdgA,-0.819520596009911
CG42388,0
CG15365,0.016628704610408
CG10970,0
CR45538,0
CG44325,0.0403462125703178
CG7246,0.0209955455951822
HP1b,0.0745455125737496
APC4,0.0176323334759329
CG32708,0.0969520923107736
CG32706,0.22160637197443
CG6999,0.0423746776150882
CG7033,-0.00243585412086544
CG7766,0.0572183973032724
Bx42,-0.0117509129947123
Arfrp1,0.137444076414398
AP-1gamma,0.0743080970089803
CR45539,0
fend,-0.0184747938829676
CR44517,0
CG7065,-0.0361521820700097
fh,-0.0812982395486378
dalao,-0.0206774510518771
His3.3B,2.42048160726962e-05
Ost48,0.326496573410025
Dip1,0.074780512758987
CG9034,-0.138692108718272
Zpr1,0.0281309493077107
mei-P26,-0.215834235478773
CG12056,0.0488051157309246
CG12106,0.0478157148402595
CG12118,-0.0774698235101576
su(r),0.016628704610408
Obp8a,0
t,0
CG12121,0.0313106202789321
mxc,0.00689636477563802
Larp7,0.000262885195127388
amx,-0.143792707259925
Dsor1,0.255213645752263
CG17754,-0.0211420789454238
ric8a,0.0601342667099493
CG17440,0
Cfp1,0.121066702973094
CG16892,-0.0132835403388265
c11.1,0.0165678999029902
c12.1,0.176460446391118
c12.2,-0.0157453643620892
CG34449,0.206627458550335
CG34450,0
BCL7-like,-0.0325413967468024
mgl,-0.176221465631683
CG32700,-0.749186445548052
CG34028,0
l(1)G0320,0.00714770329182875
RpS28b,0.148609311183299
CG15317,-0.0226012304194054
CR42767,0
Cubn,0
CG32699,-0.0441706790711443
CG42395,0
CR45540,0
Hex-A,0.0571893284446269
Gga,-0.00196772967728568
Lst8,-0.00236630048064717
Aats-lys,-0.0301181851847208
CG42797,0.0453651642001374
l(1)G0232,0.0140638069067566
nej,-0.0998574490364261
Sp1,0
CG1354,0.0155926924666881
CG32698,-0.0378120232695501
Ser7,0
CG32695,0
CG1468,0.108134741949883
CG9686,0.139118330235635
CG9689,0.0087607240229979
CG9691,0.195796141463735
Idgf4,0.100833749620072
CG32694,0
Cht6,0.0331039341855874
CR45185,0
Yp2,0
Yp1,0
CG15312,-0.191431168357225
ZAP3,-0.0257969460893851
CG2972,0.0381954963105088
CG2974,-0.00162138629869152
RhoU,0
CR44894,0
CG43902,-0.101772141454555
CG15309,0.447436976434635
CR43899,0
l(1)G0230,-0.230243233961771
CG2962,0
CR45629,0
CG34408,-0.0747357042841332
Ipod,0
Hk,0.437741861935013
CR43959,0.00122388200635106
CG12643,0.012692007810592
alpha-Man-I,-0.0499449295002463
CG2909,0.0440282607535499
Gip,-0.00134926318381412
CG43740,-0.0172034196676592
l(1)G0289,0.0393205341297681
CG17841,-0.0735211064514713
CG2898,0
Psf3,0.109531385202061
flw,-0.970444263248131
CG32683,-0.27185309320244
Neb-cGP,-0.553513777111774
nocte,-0.0156972807440569
CG2889,-0.0117692230426299
CG2887,0
PPP4R2r,-0.0391339793208984
CG32687,0
spri,-0.0419586199613317
Hmr,0.0111539830565334
CG2124,-0.00446813381808728
CG1628,0.0331039341855874
CG43347,-0.192202429372446
X11Lbeta,0.334095280268637
CG2111,0
CG32676,0.212783184447109
ras,-0.195088143887874
CR44766,0
Rph,0.0345058238820798
Tango5,0.135325718112856
Atg8a,0.347074473369791
BTBD9,0.0109389794025498
CG15211,0
Ant2,0.00350895038239932
sesB,-0.240689842012963
Imp,0.00915623900408438
sbr,-0.0443091640635981
CG15210,0.016628704610408
CG15209,0.982076888443058
CG32669,0.016628704610408
CG17333,0.00841825087836435
CG2202,0.0538917391796671
feo,0
sofe,0.0331039341855874
CG2186,0.0249100072081366
CG2157,0.016628704610408
CG1637,0.0482358446713626
Ork1,0.0350332923856318
CG1582,-0.00596247266690825
CG43901,-0.156205870797975
v,0
CG2145,0.0155470706295389
Myo10A,0
C901,0
CG42339,0.109658541272399
CG11160,0
CG1552,1.04009123508852
CG1545,0.480788976659733
CG1537,0.475580031664362
CG15203,0.0452209344489388
sev,0.0331039341855874
CR45604,0
CG2076,-0.314112423499009
CG2061,-0.00701694059379562
Hsp60,-0.417085235583872
CG11122,-0.131627113828629
Rpt3,-0.0311524971519456
Gtp-bp,-0.0353421964391991
Klp10A,-0.0531595325861497
CG44385,0
CG18292,0.0437867573714663
CR44054,0.0331039341855874
ssp7,0.0789173005018193
CG15199,0
CG15202,0
CG15201,-0.0415526163397267
Ran,0.229297565011438
Lint-1,-0.0225377275471832
rtv,0
Dlic,0.220230597317892
CG32668,0
antdh,0
CG1394,0
CG44422,-0.692523003502925
l(1)10Bb,0.0944156032849141
CG1657,-0.0489611501427783
Kap3,0.0846644393456661
CG34348,0.140614145572141
CG1597,-0.0234633353835303
CG1738,0.0585756962166878
CG11752,-0.27358305837434
CG1737,0.097229004848164
dsh,-0.004353711525046
Pa1,0.0618423638835624
hop,0.040128841333879
Tim8,-0.294850783692621
dlg1,0.229051217149288
CG15196,0
Gs2,1.26338078869683
Evi5,-0.149902197550267
Sk1,0
HP5,0.0113306099164937
CG43155,0.016628704610408
Cyp4g15,0.422357571909245
CG1749,-0.0436165781006569
Spase25,-0.0412342000251885
Drak,0.0832268451636175
CG1572,-0.00459309707964761
PGRP-SA,0
RpII215,-0.0982502609912528
CR44266,0
CG11699,-0.129424154250797
Kmn1,0
CG11696,0.0998392748740513
e(y)2,0.00151102663785751
CG11695,0.0717665146625969
roX2,0.016913582284149
nod,0
CG1561,0
CR43212,-0.0727266879598081
rho-4,0.0451492167370978
CG2533,0.016628704610408
CG2247,0.0262425131136741
CG1703,-0.113506587619369
RPA3,-0.00652547047626773
Met,-0.069812964465714
Ptp10D,0.00330088951114253
CG2371,0.101786426031036
bif,-0.0103978799914139
PhKgamma,-0.082703999777164
FucT6,0.109161464128324
Amun,-0.0463947897414442
prtp,0.138614476389595
Tango10,0.125726032997731
CG15221,0
CG9360,0
dy,0
Karl,0
CkIIbeta,-0.13238710559301
Hsc70-3,0.14689915173043
CG1578,0.0260234877184066
rudhira,0.128453122529811
Cyp28c1,0.0898944545662071
p24-1,-0.0828744287660903
CG10347,0.00393842230023246
ATP7,0.05769771161221
CG2025,0.0058573583377027
CG1847,-0.0170178152922292
CG11802,0.0869751598385744
CG15739,0
CG10352,0.12795478985862
CG10353,-0.133265035554619
SelG,0.186444156542748
CG1840,0.0646883188992579
sicily,-0.0972218632999693
wisp,0
Upf1,0.0189727204207774
Sclp,0
CG10362,-0.0479771595787009
cac,-0.0450454592704123
CG1492,-0.0324565191197802
regucalcin,0.100801670780805
Chrac-16,-0.0266655267274428
CG15735,-0.0369583485413249
Tango4,-0.0523222486305084
Usp7,-0.0777507482321758
Cyp311a1,-0.0143601979487122
Ten-a,0.67298710549519
CR32657,0.016628704610408
CR32658,0
CG45603,0.016628704610408
CG2574,0
Rab40,0.0494900184181737
CG42258,-0.0451775926821841
CG2556,0
CG43921,0.606390057112859
Cpr11B,0
CG11138,-0.188124247595811
LIMK1,0.145466858456459
CG1824,0.0325225147663479
Sec16,0.0080654155764059
CG1463,0.0680085722928499
CG2543,0.00735277725048897
CR45621,0.0131181402862222
CG11085,-0.0463863255358508
CR44568,0
CG15728,0.016628704610408
Aven,-0.000971423485334831
CG2540,0.115902341003449
Tomosyn,-0.00579166086080188
CkIalpha,0.32811427463492
Tis11,-0.00732905195054227
CR33963,0.016628704610408
Smr,0.150038464703487
CG15725,0
CR43963,0
CG4004,0.155086799079383
CR44619,0.016628704610408
ade5,0.0172979961518496
CG12717,0.0713022498403928
CG3812,0.0924409023529421
CG32647,0.500359509174409
Pde9,0.20056659818767
CG4661,0
CG32650,0.046111039869931
CG32649,-0.026938585361314
CG4407,-0.0564616740406917
CG4404,-0.175358258520472
mRpL49,-0.124567469965109
Brms1,0.0147532661263239
CG4645,-0.0267310935449573
fne,-0.0517736357404938
hec,0
CR43152,0
CG12716,0
rad,0.162747242535523
CG2209,0
hep,-0.00155715232987394
lic,-0.0332640199985388
CG2200,-0.0240237431558099
CG43313,0.0243335773301173
CG42237,0
CG32638,-0.000532289817559061
CG15717,0
MFS10,0.016628704610408
CG4318,0
CG4332,-0.0107610304350641
Bap60,0.0417429180177213
CG12096,-0.132149009817561
CG34411,0.016628704610408
CG32640,0
CG32641,0
CG2453,0.0395928394712976
sno,-0.121621852317839
REG,0.101213331297383
mew,-0.00266117603708541
comt,-0.204411079475266
HDAC4,0.237221536947908
CG15743,-0.0289734933961993
CG15744,0.00227372560115345
CG1764,0.0894367329394384
CG1622,0.080661545124368
IP3K2,-0.0202831144766732
CR45018,0.0695982620671367
Jafrac1,-0.173907748278162
CR32636,0
RpS15Aa,0.100829270022101
CG15747,0.056750147282586
Syt12,0.023222386327602
dmrt11E,0
CG1640,-0.105270850552914
Rbp1-like,0.0295467995660788
Tim9a,-0.0697258289558032
Yippee,0.346490230614636
CG1662,0.0561445196342051
CR44620,0
CG1673,0
GstT4,0.0399931994797783
CG1998,0.0120509143796982
Set2,0.104048892280876
Neto,-0.0861360992397737
Tango13,0.109345389431853
CG11178,-0.0332971622646709
Ndc80,0
tth,-0.00332826951781639
Tango2,0.016628704610408
CG2691,0.0138903915840628
NFAT,0.084937918609336
Lig4,-0.00431917055853916
CG11164,0
CG15760,0.0216602744147329
CG12177,0.303111463415796
CG11158,-0.012816872053793
CG9940,-0.25274017951975
NnaD,0.232144627289711
CG9941,-0.0666549982254148
mus101,0.016628704610408
g,0.13041256410954
Grip91,0.0581099325902717
CG11134,0.0306857728515538
CG11151,0.129362772541971
CR42861,-0.062600954129181
Pdcd4,0.250481010965463
CR43833,0
CG32625,0
Rtc1,0.0180202321227436
Yp3,0.0338242566833047
rdgB,0.388192119399987
CtsB1,-0.148021769441983
CG11103,0.0268350152273773
inaE,-0.0814935023317178
CG10993,0.016628704610408
CG11095,0.0184910159401313
Clic,-0.010525241838575
Nup93-1,-0.00513332592990567
jub,0.00689511913457211
AMPdeam,0.0439538536095132
mamo,-0.0580819498048005
CR44655,0
ben,0.213750993418104
CG1368,0
CG11590,0.00102633306199577
l(1)G0007,0.047268581622286
l(1)G0469,0.257572562860857
mRpL38,-0.137872549372237
CG42271,-0.0667201753703728
Fbxl4,0.0366295441622004
CG1434,0.0397942339424788
mRNA-cap,-0.0118289443854082
CG1461,0
CG13404,0.050942121544143
na,0.0209522799388996
Muc12Ea,0
betaNACtes6,0
dpr8,-0.0289107086172185
betaNACtes4,0
CG14414,0.156076881350772
mRpS25,-0.124474191407899
nmdyn-D6,-0.0266709006512032
CG9413,0.0189579049138482
NetA,-0.0127194824151205
CG5321,0.0331039341855874
NetB,0.120002657166151
CG15890,0.0132686461699634
Ag5r2,0
Ag5r,0.0494288240037281
rut,0.0697382833812721
CG14408,0.0220728277208774
CG14411,-0.00675954679543569
CG14410,0
CG14407,-0.191596993373457
CG32590,0.105129173683104
Flo2,0.0960411398853657
CG9518,0
CG9512,0
CG9509,0
CG32591,0
pdgy,0.0922594682361456
CR44831,-0.0127287884517763
eag,0.322604076165233
hiw,0.0558830270951551
be,0.016628704610408
CG5541,0.0535623140492613
CG5548,-0.205752977742954
opm,-0.00606849709506958
dob,0
Lsd-2,0.068472584231444
CR44662,0
CR44661,0
CR44960,0.0443331097433457
CG33178,0
CG9065,-0.14313228464327
CG15027,-0.0346520102498233
CG5599,0.0294643220226528
Rab3-GEF,0.235992985994181
CG9072,0
Cyp4s3,0.126533400335735
drd,0
RpL37a,-0.0210934771636282
CG43737,0.786893113803855
CG5662,0
CR44663,0
CG5877,0.0664745141404388
CR44429,0
gce,0.164729006877061
CR44961,0
Top1,-0.152866536469734
CG9114,0.016628704610408
HDAC6,0.216667894620892
CR44998,-0.0166198891055006
CG9123,0.217235754837883
CG12608,-0.148909230796896
CG6227,-0.0582376839634682
acj6,-0.0245137724320746
Pp1-13C,0
CG9164,-0.122622290426324
Cngl,-1.00168759555711
Scamp,0.301950288272279
Ahcy13,0.0907639076525577
CG11655,0.0385704276416696
shtd,0
CG6294,0
CG15642,0.148691603298148
Grip128,-0.0155428816944495
CG6308,-0.0798919684243542
CG9203,0.0161522622163528
CG6340,0.0724420075254703
Gmap,0.0189892902883518
Ac13E,0.151988215363565
CR44353,0
CG7860,0
CG15643,0.104678782020515
CG9213,0.022184326903777
CG42299,0
cerv,0.126447660084658
CG7872,-0.0432384460074106
CG9215,0.026384148944712
CG8097,0.0284462127885163
CG9220,0
sog,-0.0137383290224169
CR44423,0
CG15646,0
CG8128,0.0388192647150242
CG9240,0.0337492281427461
Pis,0.119342939248649
CG8134,-0.0780296650781848
CG9281,0.383631462857497
CG15601,-0.0273898125465704
CG8184,0.0605382065198387
CG8191,0.016628704610408
CG12379,0.0304206679527646
l(1)G0136,-0.260166707467963
Arp6,-0.0421413557773315
CG11679,-0.00731323928718225
CG8206,-0.141729883613921
CG8944,0.0487379666609594
Tcp-1zeta,-0.056889304283899
CG8239,0
Graf,0.0691438413085292
mRpL3,-0.0377613719968436
CG17209,-0.0130861418269392
CG33172,-0.000260012972982306
Efhc1.1,0
Paf-AHalpha,-0.127202542272775
mRpS30,-0.0231046700490446
Rhp,0.00317076140038496
CG8974,-0.0305486722662126
CG32581,0.016628704610408
CG15602,-0.120910873570408
PGRP-LE,-0.0231952721239421
sd,-0.158556409544567
CR44384,0
Chc,-0.0790496951610372
CR32582,0.00214670418355831
Aats-arg,0.00211778560810064
CG8578,0.00534751220439985
sun,-0.318649959488917
UBL3,0.0520887220079118
CG15914,0.016628704610408
Myb,0.136978232071745
AlkB,0.0218089223283391
Gbeta13F,-0.0869802323248836
Gapdh2,-0.295364007790891
CG16952,0.0359626619439198
tay,-0.0550058375660831
MSBP,0.0508579061474907
CG15916,0.196985902165008
shi,-0.516359337745671
CycD,0
CG8909,-0.0352844086324673
CG8916,0.591062974630671
Lcch3,-0.404479296122709
CR45000,0
Ranbp16,0.0917569225737184
Stim,0.159907988929592
CG8924,-0.0155147401160198
Rrp47,0.106632602613617
mmd,-0.0300090154514286
CR45527,0.031426288521434
Or13a,0
CG42766,0.016628704610408
CG9170,0.0946577142577407
CG8931,-0.0238726362467321
CG9172,-0.229756668380512
eIF5,-0.185133779270731
exd,-0.0666895158873899
CG8939,-0.0443875220882174
vap,0.0913707216086452
CG12698,0
Muc14A,0
dpr18,0.465816946312369
Nipsnap,0.125621835867584
Tob,0.187447016619617
CG42354,0
disco-r,-0.0218412262841975
disco,-0.00487976249613444
snRNA:U2:14B,0
kat80,0.179576774441874
Mfe2,-0.0345668541832463
Prosalpha4,-0.0174324952408721
eas,0.0573748133536554
CG32576,0.00852096570635446
CG3560,-0.293788581934518
caz,-0.012825768330477
CG9911,0.120452088018186
CG3632,0.0665861345066328
CG9914,0.0140687866430982
CG9915,-0.0263995454614565
CG13957,0.0173285185310892
Cyp1,-0.492056841209995
CG9917,0.00203566257015627
CG32579,0
CalpC,0
CG9919,0.221810067479445
CG9921,-0.000915350602915628
Dsp1,0.0576108055656153
sl,-0.0187262523907463
U2af50,-0.026247470105363
Gpi1,-0.0270928589829551
nonA,0.0899634726945446
Fur2,-0.072166398712835
CG9992,0.0652418631988882
CG4239,0.0197870030353908
TH1,0.105091175157219
mei-41,0
CG4301,0
AnxB11,0.0196865985229864
hang,-0.0202552158053992
CG9947,0.00677644211728877
rngo,0.107419736395693
eIF-2alpha,-0.0327151338929658
CG34015,0.214920991533655
Rbp2,0.0100177978649133
para,-0.289256654296072
Cnx14D,0
CG9902,-0.00413942470127888
Arp2,0.0423665324814991
Pp2B-14D,-0.0225309653353937
CanA-14F,0.40409270814771
CG13014,0.00187890079647545
SMC3,0.0457573980884026
Ubc7,0.0786940530103175
CG9784,-0.0188927762560365
Nup153,-0.117060088382976
mbt,-0.00469250520675378
CG9782,0
Rok,-0.0585568255260798
CG9777,0
RpS19a,0.00240841928206879
SmG,-0.076772711341198
mthl1,-0.0150250064100544
CG9723,0.000938721763097911
r,0
CG13012,-0.00900655805869205
Axs,0
Sep4,0.245997632351287
CG4678,0.424921619366886
CG13008,0
CG34325,0.016628704610408
CG9634,0.121917673178128
if,0
mRpL22,-0.0583517334402365
CG9609,0.226861903694009
Sap30,0.0313218799064416
Rrp45,0.0327544034719345
CG4768,-0.0160304983583402
CG9132,-0.0767662825367306
CG4789,0.00666018661775239
CG9125,0.0604967509288771
CG13005,0.0282512060732387
CR44053,0
ppk28,0.016628704610408
CG4829,0.271474380539326
CR44129,0.0331039341855874
CG13004,0
RSG7,-0.06064240210199
CG13003,-0.0104284887052235
CG4872,0.016628704610408
CG9104,-0.0371928759295253
Rcp,-0.0737019574654272
CG9099,-0.0539332943489645
CG4880,0
CR44754,0
CG4928,0
wus,0.016628704610408
CG13001,-0.103424072033035
RhoGAP15B,0
CG9086,-0.0723532704856131
CG45002,-0.232509854086193
CG43996,0
CG8949,0.149923027334319
CG4949,-0.0259594622115044
CG4991,0
CG16700,0.016628704610408
Arpc3B,0
CG5004,0.000150185540764425
mei-218,0
RpS5a,0.0141560637502256
snoRNA:Psi28S-1192d,0
snoRNA:Psi28S-1135e,0
CG5010,-0.258135349763538
xmas-1,0.016628704610408
xmas-2,0
baz,0
CG5162,0
CG8915,-0.00428350493676174
CG8675,0.0903349434878864
CG5445,-0.0331731864493185
Fim,-0.581532244954594
CG8611,0.0463186284907501
CG12994,-0.0186216297356106
CG5613,0
CG8568,0.0331039341855874
CG43658,-0.307780184556353
l(1)G0222,-0.0441706790711443
CG12991,0.75754524129714
CG12992,0.049878402409462
X11L,-0.0508514918798754
stas,0.0992058603404315
CG8326,-0.0400677879667368
CG5703,-0.276247345134092
CG8289,0.0453500495651482
CG5800,0.0438081900222061
RhoGAPp190,-0.00828529867580188
IntS2,0.00575590000057474
beta-Spec,0.0307084308056945
chas,0
CG8188,0.116495614775877
par-6,0.056500099363801
CG8173,-0.00984602356027917
CG42684,0.17382743591897
Socs16D,0.0147692449959689
CG6398,0
e(y)1,-0.0347342663935958
CG8142,0.0093155617322504
Ucp4A,-0.0824294681980624
CG15814,-0.0481604665545508
CG6506,-0.0200907215174718
CG32554,0.00355470983899209
CG6762,0.0253638387679969
Arp8,-0.0522215071656544
CG6769,-0.0641754075170772
mnb,0.199904927960885
CG6788,0
CG7772,-0.108120265471079
Vps4,-0.116638329720817
CG6847,0
Sh,-0.0571101762478096
CG12672,-0.0260459263438389
CG6867,0.747268554544045
CG15373,0
CG7536,0.133537648628741
dik,0.113818793763755
CG7206,-0.109190928057628
scu,0.0299636495310418
RhoGAP16F,0
CG7192,-0.10214707231908
Taf8,-0.0286361610120978
CG7135,0.00519146378723097
wupA,0.0181557645234269
CR45605,0
CG32553,0
ari-1,-0.0371617000999895
CG43229,0
Frq1,-0.558877354650142
Frq2,-0.113023478425874
Andorra,0
Him,0
CG33639,-0.0217578715577664
CR45622,0
upd2,0
CG6023,0
CG6123,-0.0396653045004902
CrebB,-0.0366703127193479
por,-0.0463928825605628
CG6179,-0.0171827838266144
betaCOP,0.0053626003833067
Tsf1,0.0351671959472376
CG32549,0.0908649173491583
CG34328,0
CG42323,0
CG32548,0
CG32547,0.230657541101566
CG43843,0.016628704610408
CR45714,0
CG15046,0
CG15043,0
GalNAc-T2,0.0014501172726412
Wnt5,0.0538988199853941
Ggt-1,0.0202326687051641
CG6470,0
Aats-his,0.0168120619331502
Bx,-0.161552666467138
CG15047,0
CR43492,0
wgn,0.129920258739497
Rip11,0.0359983348551636
CG6540,0.0765379240942642
CG6617,0.0384755699175622
Ing3,-0.0278731483475241
CG6659,0.0190030191003552
fu,0.00884624228660266
Cyp18a1,0
CCKLR-17D1,0.0129592830734129
CG42302,0
CCKLR-17D3,-0.0310668991617174
CG6891,0
CG18259,-0.0790577753481702
CR6900,0.016628704610408
CG6961,-0.0133717963978744
Pk17E,0.000724253228861011
Atg101,-0.00822148452596469
bnb,0.147527347499689
CR44841,0
CG7058,-0.0769669845082359
CG42450,-0.514020833497485
CG7101,-0.00909278176575787
Pvf1,0
CG34422,-0.0801538088289416
CG7280,-0.0378120232695501
CG7322,0.00638440963044916
CG7288,0.0233488422069584
CG32544,0.0393580634453049
CG7326,-0.0353264264222648
CG34401,-0.10643332096634
CG7332,-0.0560073790735492
CG7358,0.0158712096632066
CG7378,0.433518115983204
CR44708,0
CG43759,0.291225667838665
Obp18a,0.104197693376383
RhoGAP18B,0.0026146446215939
CG33939,0
CG7556,0.191018130448482
CG7453,-0.0224238565739128
Mec2,0.016628704610408
CG7914,-0.0142986372458428
CG14194,0.208518340668932
CG7990,0.0398942991876874
Ulp1,-0.000250214964822543
CG14196,0
CG7889,0
Hs3st-B,-0.0407261611470451
rictor,-0.0189898375102515
Vav,-0.00331111685537298
CG8010,-0.0332818402058263
CG32537,0.0309326925370716
CG32536,0
CG8034,-0.00428008233014207
CG8051,0
out,0
nAChRalpha7,0.0742930484916882
kek5,0.867210801480181
CG32533,-0.0318636389598935
mRpS14,-0.122069807701748
Nat1,0.0328760457257205
pcm,-0.0134055926232617
CG12203,-0.15627206539583
CG12204,-0.0724024598894539
ksh,-0.00743352323526626
CR44340,0.016628704610408
Pfrx,0.0657666940923592
CG14200,-0.0321779527820815
l(1)G0156,-0.0861906329231205
CoRest,-0.0193447184720839
CG32532,0
Grip84,0.00225985079324182
car,-0.069182971439811
Tao,0.0750610749103689
RpS10b,0.0755126188776798
CG14220,0.104825340130122
CG14207,0.14308015801282
CG14210,-0.049189589864347
CG12788,0
NAA20,0.052931066585181
MKP-4,-0.00600387081113672
CG14212,0
e(y)3,-0.090864137088979
Rcd-1,0.0431460867068219
CG12237,-0.204890678576404
Sec61gamma,-0.105573702120183
Arp10,0.0433438428884134
Ranbp21,0.0319245064932185
CG14215,-0.0390764599945846
CG14223,0
Ssu72,-0.0227911909899371
Zw,0
dome,-0.00405528447794869
Ubqn,0.0958125958600344
Mer,0.016628704610408
CG14229,0.21953063187145
Cdc42,0.0291509638592502
CG14231,-0.0908974403775999
CG14232,0.11922849599342
CG14230,-0.0493642378281071
CG12531,0.0344334025725384
AP-1-2beta,-0.175242691211564
CG14234,-0.0190484688375505
CoVIb,-0.165682119465444
CG18809,-0.020123803701006
CR45501,0.016628704610408
parvin,-0.0641701408847607
Alr,-0.075257842567781
Pmp70,-0.010749916670218
vfl,-0.107417328708233
pico,0.109204878711259
Nup205,0
CG15618,0.00665819467862953
Hers,0.0161370512845841
amn,0
CG12655,0
Nep3,-0.0153392863163056
Dop2R,-0.860106281666445
CG34331,0
CG15322,0
CG9572,0
Rab35,0.104640185371245
CG9577,0.024209009319654
CG9581,-0.0271632301108709
CG9578,0.0854257385543487
AnxB10,0.374476477338487
Sdic2,0
sw,-0.0293525986577443
obst-A,0
Peritrophin-A,0
CG17068,0.0180202321227436
Rab10,0.0559509446932215
CG17065,-0.59994673528117
CG42577,0
CG1504,-0.0379050033157905
l(1)G0004,-0.000648463849029751
Syx16,-0.102383951427866
HERC2,-0.0923775911388762
Obp19c,0.016628704610408
Obp19d,0
Pp4-19C,0.0650707558271836
cactin,-0.0198603850720429
CG15456,-0.00242891061415935
CG11710,0.0142466604228325
mal,0.083874226493389
CG1695,-0.0646004061646932
CG42578,0
CG32506,0.39152587604844
GstT3,0.016628704610408
RhoGAP19D,-0.106185306967908
CG15461,0.016628704610408
CG1812,0.0444332596354085
Tak1,0.0735308299727295
RunxB,0.0331039341855874
RunxA,0
Cyp6v1,0
run,0
CR43838,0
shakB,-0.250545061161884
CG1314,0
I-3,0
r-cup,0
CG1532,-0.0655056709643106
CG1529,0
Ntf-2,0.132403150680475
CG15449,0.0996877391494323
Mgstl,-0.090384350057702
CR44431,0.016628704610408
Cbs,-0.0661289644177619
CG1518,0.072839039416312
bves,-0.0476076171691384
CG32512,-0.015576569486175
CG1503,0
CG15445,0.0359311261573705
CG32521,0.227466820945405
CG1722,-0.0168887175833905
CG1718,0.0191585873722447
Rpt6,-0.0730354946526139
Dd,0.0497832178017229
CG1486,-0.0059211089632592
tty,0.0277492979661537
fliI,0.0597111621820065
dod,-0.105275525928365
pen,0
sol,0.101432331980978
Sep1,0.00869161293140284
bbx,0.016628704610408
CR45612,0
slgA,-0.319730196527516
Hlc,0.10541710882541
mst,0
CG42343,-0.0147370187232087
Cyp6t1,0.0146403477511985
CG14476,0.101385345090133
DIP1,0.200944975005456
CG14621,0.00711161679735466
CG14615,0
wap,0.030296047154276
CG14619,-0.0682182977664982
CG14613,0.0217791007681679
CG14618,-0.074454590720932
CG12576,0.121483062192579
Cp110,0.221078157894644
l(1)G0196,0.185223634975256
CR43493,0.0331039341855874
CG17600,0.100757734195203
S6kII,-0.0293586601659989
CG17598,0
Cda4,0
CR44997,0.20762029566999
fog,0.0171526372349054
CG42346,0.699116471378311
CG40485,0.0135557348229933
CR45009,0.103322014486979
FucTC,0
CR45010,0
Rab21,0.101435317366004
CG13865,0.039064923810997
zyd,0.186420753960854
CG17167,0
CG17163,0.0352463363505121
CG17168,0.0236520755582297
CG17169,0
CG17162,0
CR43480,0
su(f),0.0316081800917432
ATbp,0.0102759451068
28SrRNA-Psi:CR45855,0
18SrRNA-Psi:CR41602,0
5.8SrRNA-Psi:CR45857,0
28SrRNA-Psi:CR45859,0.0286868433107488
28SrRNA-Psi:CR40741,0
28SrRNA-Psi:CR41609,0
28SrRNA-Psi:CR45860,0
pre-rRNA-Psi:CR45856,0
5.8SrRNA-Psi:CR45863,0
l(2)gl,0.016628704610408
Cda5,0.0488336688734604
dbr,-0.0115170440479705
CR44987,-0.0299515183047335
galectin,0.154458959623297
CG11374,0
net,0
Zir,-0.0299297677797654
CG11377,0.038575133934756
Nhe1,0.1018861784867
Sam-S,0.250931553881521
CG11455,-0.173296166341925
CG4822,0
CG3164,-0.0197183605291078
Gs1,-0.167938324246096
CR44185,0
CG31974,0.23574986035533
CG11454,0.036745211629
CG42399,0.010723368357469
CG3709,-0.0294296600331696
CG3436,0.161032563508413
CG33635,0.0539623115343082
spen,0.187126402251657
mRpL10,-0.0537497812772298
CG11617,0.016628704610408
Tbc1d15-17,-0.00323646652587013
kis,0.106026798447435
CR44220,0
CR44218,0.016628704610408
Rpp30,0.0105874387079487
CG3645,0.0109664344961799
CG17075,0.157346028559932
CG3345,-0.00148704237353002
mbm,-0.00242543672647302
CG11555,0.116709579212004
CG17078,0.138564497974054
smo,-0.0336819080994743
CG11601,-0.103298750085052
CG3625,0.559541059007951
Amnionless,0.016628704610408
CG11562,0.00430473373267179
U2af38,-0.00872868526728304
Hop,0.154408411946629
Pi3K21B,0.0501004968137286
Plc21C,-0.130748186253569
Ent1,0.0791339080290265
CR45367,0
RpI135,-0.00479157448370648
AP-2alpha,-0.0131354654267653
ebi,-0.0110188540321718
RpLP1,0.0767803178143896
CG11885,-0.0913392230740656
crq,-0.0870932975834729
CG4164,0.0552377621863093
CG4133,0.120168846594026
CG4297,-0.0507441188242635
MED15,0.0414428316458001
ush,0
cbt,0.529584747833644
lwr,0.22873232563685
Spp,0.134170596903517
Ets21C,0.0331039341855874
nAChRbeta3,0
rempA,0
CG2789,-0.0581998146190735
CG2794,-0.029221490508446
Nle,0.0365642923775038
CG2807,-0.00875011449986779
Ipk2,0.0346798113005281
cold,-0.0206633218420047
Ptth,0
Pph13,0
Gsc,0
CG13689,-0.00465454674072056
Eaat2,-0.309714070046553
GABA-B-R3,-0.0511724286018926
Pkg21D,0
Dbp21E2,-0.0378202467530067
Saf6,0.0478392668760289
Pex12,0.0146619622376089
CG3876,0.275204772898732
Clp,0.0777453684471071
CG3662,0.0779909605865358
CG3862,0.0664890855781964
dock,0.0471497637927366
drongo,0.0816526401488634
CR44060,0
CG4291,-0.0581976264975691
kraken,-0.0696172441200449
aru,0.016628704610408
dbe,0.0361678896929616
PNUTS,0.103307874813779
ninaA,0
CG4341,-0.442153521601099
IA-2,-0.146102073939664
CG4375,0
S,0.0747311453636853
ast,0.0157953721286555
Atg4a,0.00511623174732817
CG4629,-0.0873131674389529
mtRNApol,0.0670282063117599
CG14340,-0.0243317724147614
Pino,0.0331121620364011
CG4552,-0.0502232424887641
CG4577,0.22868374396611
MFS3,0
CG4749,-0.0184635864343889
Tfb4,0.0275699655447959
Vps29,-0.0203469417336067
capt,0.15750376890772
CR43767,0
Tango14,-0.0219623769775619
CG5080,0
IntS14,-0.0034018708072662
CG14341,-0.0637629625122518
Plap,-0.0583790490822668
CG31922,0.0591454863568168
CG5118,0.0575550337930683
CG4887,0.00580065854363261
CG4896,0.154242159257923
CG5126,0.0222332216841047
Tgt,0.00787901354111984
CG5001,0.0282542098003897
CG42329,0.0106134976694535
CG5397,0
robo3,-0.038014144899453
CG5565,0.016628704610408
CG31659,0
NLaz,-0.0817052505260076
lea,-0.0393901230768018
CG7420,0.0185832195360548
halo,0.016628704610408
haf,-0.0650482297993997
CG10869,0.016628704610408
CG31935,0.0300826386022419
CG14352,0.00729188511812074
RFeSP,-0.31415490441848
CR44603,0
chinmo,-0.122324168275796
cpb,-0.0940433751130004
CG17660,0.0689322220882923
mRpL48,-0.127923181998229
frtz,0
Rim2,-0.0537435362720925
Eno,-0.387398118344747
Rrp40,-0.0192018878988884
CG31937,-0.0552309432878986
CG17652,-0.0342020865029435
CG17646,0.33462303970202
CG17712,-0.05047137640649
CG17650,0
CG31664,0
wry,0.223750888985347
CR44074,0
CG31663,0.185800441959572
CG7337,0.0618613015994057
CG33673,0
erm,1.35497597138026
Der-1,-0.0059964747031134
CG15356,-0.0268622664713952
CG15362,0.016628704610408
CG7289,0.0334898434059244
Got2,0.354080902899812
Npc2a,0.270211128008706
CG33543,0.600706292438453
CG15353,0
CR45712,0
Nplp4,0
CG4238,0.390329440796783
Su(dx),-0.097724487961032
Kebab,0
dpr3,0.347243538168527
CG12674,0
GlyP,-0.0785519579588465
tho2,0.0181439436168187
CG11723,-0.0433482397428999
CG7261,0.0544062744581318
AIF,-0.0580442000559513
CG15382,-0.0194704985362669
aop,-0.0953790756771634
CR44066,0
CR45290,0
CG10874,0.0390213139870073
CR44065,0
CG34172,0
CG15385,0.202929016885197
Uch,-0.0677770227625295
CG34174,0.0584883850561608
CG10880,-0.0250171288866318
mio,-0.00708404358656917
papi,0.0282717755195951
CG15387,-0.00399165045469579
sau,0.142853421717342
CR44114,0
Sec24CD,0.00208113974768422
CG9967,0.016628704610408
eys,-0.230607986893643
Rab5,0.221154595663581
Axud1,0.00687307776543792
CG3609,-0.016869415706239
CG15390,-0.0432502494251538
CR44982,0
Atxn7,-0.011708186368219
Eogt,-0.0082751323150003
CG9870,0.012720246155092
CG3557,0
VGlut,0.116838759404802
CG9886,-0.0333846682721456
CG44139,0
dpp,0
Slh,0.154975451039891
oaf,-0.309962040288659
insv,0
Elba2,0
CG3214,-0.280711396758503
Arpc5,0.224348033085093
Drp1,-0.104773856821372
CG15394,0.0378884971987563
CG31690,-0.346056001716955
CG31689,0.016628704610408
Hrs,-0.0523517150429317
Cwc25,-0.0487930695345667
Pgk,-0.263150706468263
Bacc,0.132676144972893
CR44772,0.016628704610408
Trn-SR,-0.0304516020257665
CG3077,0.0230694554249742
aph-1,0.0362947156059221
Taf10b,0.185915769797441
Taf10,0.0246634527423518
colt,-0.0763514683275981
CG2862,-0.185445517620097
CG15399,0
Syt1,-0.360606999085858
daw,0.016628704610408
G6P,0.038226738729016
CG3104,0.190737061518328
RpS21,0.213715330971012
CG2991,0.246491985828257
CG31694,0.134303516546528
CG8814,0.148073015821395
Prx6005,0.00338659894456292
CG31950,0.0603621073933638
betaggt-II,0.0859503213782006
NTPase,0.00389575501437064
lilli,0.0940738941903247
Rbp9,-0.0554489975530832
Rrp1,-0.00324598730345201
gammaTub23C,-0.0351142705465031
CG9641,0.113201292973445
CG3165,0.0391486055360775
CG9643,0.0178973142409568
Chd1,0.0450204823573319
Bem46,0.143423664580026
okr,-0.0124046712744855
CG3558,0.222724846770134
CG17265,0
alpha4GT1,0.0940010777818533
CG3542,0.056462219951173
CG3605,-0.00430464141657293
CG17219,0
GABPI,0.0179658578746195
CG17259,0
CG17260,0.0397611755176847
cnir,0.131625571682885
CG17221,0.0294104334491371
CG17261,0.0494288240037281
CG3523,0.0983713357664758
toc,-0.0363255795895688
CG12400,-0.12816311443816
Mad,-0.0776459539339676
gkt,0.00233300169682662
Hydr2,-0.106505835015376
CG44002,0.0494288240037281
CR44003,0
CG34393,-0.204393341791393
CR45706,-0.0564768998075858
CG9664,0
CG9663,0
CG3277,0
CG15406,0
CG8837,0.00365835752138621
E23,0.00730668131884774
CG34394,0.0131268478554478
CG15412,0
CG9662,0.0364566402671772
Ptpa,-0.0999226478822351
CG42460,0
pgant2,0.164641686563714
CG2772,0
Snx1,0.119438666894874
CG12795,0.121376288811738
Cog3,0.0199405791068735
Sec5,0.0641525924384856
CG3246,0
msl-2,0.114630382061491
Pdsw,-0.201609306040646
CG3238,0
Thor,0.00304249846787746
tim,0.0175130034579838
CG31954,0
CG33123,0.0858589731974201
CG17593,0.14002479863461
Spindly,0.0186219337587375
odd,0
Dot,0
CG15418,0
for,0.016628704610408
CG34340,-0.0170866743408109
CG16713,0
CG10031,-0.000155413204145189
CG2816,0
CG31777,0
cutlet,0
CG31955,0
CG2818,-0.0125277801930833
lectin-24A,0
Shaw,-0.04763957152113
CG10019,-0.0116674836351186
CG43707,0.188340052710353
bowl,0.016628704610408
CG3921,0
Reph,0.173738898804085
CG3407,0.0125591943667608
slp1,0.0440178771328212
slp2,0.0129128284026765
Cep97,0.158090286944227
CG31957,0.0252057636427827
capu,0.00375921868982912
fred,1.28802877905392
CG31773,0
ed,0.684874101730937
CR44984,0
CG31961,0.0993692092550889
CG3714,0.0786942905316401
ft,0
CG3702,-0.0497775402545558
RpL40,0.0323822462165571
CR44608,0.0187038709848062
Art2,0.016628704610408
tutl,0.0381383707139176
CG16857,0.768348478813407
Atet,0.144211746591939
CG17612,0.00115092794212452
CG3338,-0.0146064398463672
Psf2,0.016628704610408
CG3652,0.109458043760356
l(2)k05819,0.0109389794025498
Dim1,0.0670931326367188
CG15431,-0.307105754416959
CG15432,0.12335690197342
morgue,-0.0285730629727495
Elp3,0.00839109897036215
MFS18,0.118960338329494
CG15439,0.0117642015140913
CG15440,0.030904650337595
CG15434,0
Gs1l,-0.502636537109017
RpL27A,0.0298170249533557
mRpL27,-0.247072757316318
CG15435,-0.0537087495622066
CG15443,0.0332869965494926
CG15436,0
CG17840,0.10626340356689
ine,0.194330951013292
dp,0
CG34351,-0.245704198571225
Taf12L,0
CG15631,0
CG15630,-0.12833045655977
CG3294,0.0584975999252489
CG15629,0
CG3225,0.0306524002287703
CG15628,0.41564265678845
Fnta,-0.0707927493928834
tank,0.0560540875678177
CG12194,0.0949235964587723
mxt,-0.00832604255251042
CG11927,0.0269211776991939
mRpS2,-0.107853565393888
Mon1,0.179541033431078
pog,-0.0868797657577813
Cf2,0.10889894002722
CG3008,-0.0466530452331419
CG3036,0.0458591219460697
CG2837,0
hoe1,0.152896890175046
hoe2,-0.0142168998572653
CG14044,0.016628704610408
mRpL24,-0.0874557699226073
betaggt-I,0.0176815597313515
jet,0.181258308836376
Marcal1,0
CG34125,-0.247771471958733
Trip1,0.0577604602973778
Scox,-0.0561365373366493
CG3756,0.0768617801388225
l(2)05714,-0.166711311089932
CG14043,0.0201149125656404
mRpL28,-0.0823214795998513
Gmd,-0.0211410960927634
CG3792,-0.0316864856471302
CG8891,-0.0297862491496126
CG8892,-0.0517690434398526
CG34126,0.0660050793940764
Rtnl1,0.266462183829843
CG3887,0.215387929629979
vkg,0.00656405233090815
Cg25C,0.0422570097494732
CG31650,0.0170450388622358
CG9121,-0.0544760692875412
eIF-3p40,-0.0710801592190952
CG14040,0.00860275589773554
His3.3A,-0.140462404053415
CG31918,0
Rpn11,0.0429119579957541
qtc,0.286379289679233
CR43820,0
RpL37A,0.0595906778574188
pgant5,0.0329323215380498
CG5828,-0.0706162256333173
CG4230,0.224217484196316
CG8680,-0.277297290057846
Msp300,-0.245588192838022
Cyp28d2,0
Cyp28d1,0.82939761887286
TpnC25D,0
tkv,0.0819490931646222
CR14033,0
Cyp4ac1,0.016628704610408
Cyp4ac3,0.0338738414078019
Bsg25D,-0.00654327130738345
Bub1,0.0778515187014496
vri,0
CG14024,0.50258926514901
Ncoa6,0.0915093476574455
CR44985,0.016628704610408
cype,-0.284993544507542
CG14022,0.016628704610408
TotM,0
fusl,0.14572405736053
CG12512,0.00816743960358692
nompC,0
CG7382,0.0277480409859765
cl,-0.0668574434303911
CG7371,-0.0343407881944373
CG6907,-0.0205173854147035
CR44793,0
Cap-D3,0.0690685761904537
CG31648,-0.0374654757051266
CG31915,-0.0160954248498893
CG7277,-0.139591108980226
CG14015,0.362500995235075
Hel25E,0.0172417672550447
Lam,0.00442358496537074
Oscillin,-0.0876211958224298
GluRIIA,0
CG14010,0.00336476530405671
CG31646,0.0548428915933636
CR44822,0
Hsp60C,0
sip1,-0.0184030436815828
CG11030,0.169321498557257
CG11147,0
CG11029,0
obst-E,0
CG9171,0.0183585132301277
CG14005,-0.0976414949729457
CG7239,-0.064729479657366
CG11034,0
TrissinR,-0.0174932692691583
rau,0
bchs,-0.0961278734927966
CG9016,0
Sfp26Ad,0
Gpdh,0.143953344749363
CR44986,0
CG9044,0.113906713482391
CG13999,0.295663703999888
CR43465,0
chic,-0.157131481109591
eIF-4a,0.394680867881311
ifc,0.00383804332401926
lid,-0.0865215328325475
Tsp26A,0.259878723579529
Gal,0.0331039341855874
CG9098,-0.0106442418152284
CG9107,0.0739430768378266
CG9109,-0.0101081500851321
mtm,0.0258295957854321
CG9117,0
CG31643,0.0205137586598711
ade2,0
slmo,0.0252206510732368
CG12393,0.00187750849183162
CG9135,0.0423942361458789
CG13995,0.310490036254856
CG34180,0
CG9140,-0.135799421671984
CG13994,0.00677152598611492
Fbw5,0.00668947007618035
CG9147,-0.0802930817072683
CG13993,-0.0915043153661649
CG9154,0.112358760988535
Kr-h2,0.258077715825152
CR9162,0
CR44773,0
Kr-h1,-0.0428498816607221
CG9175,-0.0234196051142707
stai,-0.0163719508541164
CG31642,0
Arpc4,-0.0320576224672002
WDR79,0.0637956731290203
CG34380,-0.294278964068642
Ddr,-0.104125101967178
AANATL2,0.0383216565166745
CR42735,0
PDZ-GEF,0.0747723738398914
Pez,0
Cpr,0.0412373198323215
CG9498,0
CG42368,0.0269522531685694
CG9507,0.462660245962832
CG13982,0.157620897798743
Tig,0.016628704610408
Fic,0.0218462168757143
CG9527,0.0426381109118741
retm,0.209795502949829
frj,-0.0077241900667388
CG16947,0.0137261977609394
CG9531,0.00442229047682999
mmy,0.0913546362311853
CG9536,-0.0316355782525151
Sec61alpha,-0.138705666040587
CR45463,0
DLP,0.0483410311593725
KFase,-0.00650297341435707
epsilonCOP,-0.0578515351077273
CG9548,-0.0471261025336573
CG31638,0.0226438877953233
CG9547,0.0282542098003897
CG31637,0.0122077124624226
eya,0
CR44776,0
CoVb,-0.155017765636995
CG9596,-0.0185990547819079
CG11043,0.0119052466370075
Ent2,0.0359163910663753
CG13766,0.0599012320157615
CG11319,0.0534790603868001
CG11050,0.249016583182067
CG11320,0
CR44913,0
CG31635,-0.329057228184929
Tango1,0.0195976524013144
CG31633,0.0213753404943278
CG31636,0
CG11070,-0.00510678023532779
CG34310,0.00389991615863184
Galt,0.00579135004923196
Spn27A,-0.0254525985040395
cort,0
Nse1,0
Nhe3,0.114008079629998
Tsp,0.000743126826700893
Aatf,0.0380136969406823
homer,0.0787315097977914
Liprin-alpha,-0.0173682911574746
TTLL3B,0.016628704610408
TTLL3A,0
CG11221,0.0226014017934063
CG11321,0.016628704610408
CG17378,0.0499585167593801
nrv1,0.0331039341855874
nrv2,1.46759666126492
sens-2,0
Rca1,0.0326395460282793
l(2)k09022,0.016628704610408
Nha1,0
CR44915,0
CR44914,0.0292841728915538
Nlg2,-0.203583446645474
CG13773,-0.0206882170314755
Rat1,0.00250584670620146
Wee1,0.0323285973037587
x16,-0.0148306735291188
CG32829,0
nop5,0.016220890155019
snoRNA:nop5-x16-a,0
Hrb27C,-0.194778756758864
CG43232,0
CG18304,0
Fgop2,0.0772282702813274
ihog,0
Gas41,0.0780348108118209
SA,0.0885306712231062
CG13775,0.0222518990673627
CG3430,0
Atac1,-0.00909278176575787
CG10399,0
Coprox,-0.0887548397965072
smt3,-0.0376775219538243
snRNP-U1-70K,0.0401367635132357
CG43322,-0.0241664960425648
ade3,0.016628704610408
CG31908,0.158822351367736
CG3476,-0.0283688084110971
Rab30,0.0714121425064953
Caper,0.124936268817916
milt,-0.0947883423853977
Mnn1,-0.186282901527102
Sem1,-0.220572435319736
Pvf2,0
Pvf3,-0.547486586325886
CG4495,0.137900235051858
CG4496,0.016628704610408
CG4497,-0.0323254552226474
CG4502,0.217306812181301
CG13784,0.0788581061962799
ico,-0.0555194939768969
CR44989,0.0432962224319505
Ndae1,-0.115024718531123
CG43800,-0.00848201528820481
Wnt4,-0.0279914399727525
Wnt6,0
Wnt10,0.0016612603966174
ninaC,0.016628704610408
CG5149,0.0159860565549204
CG5160,-0.0206662504969974
CG5171,0
CG5181,0.029038182641405
chm,0.0708984531600867
CR43857,0
CG5261,-0.206117350283024
CG5958,0
CG5973,-0.202199837000103
santa-maria,0.0372528231374926
Gr28b,0
CG6055,0
Ziz,0.0671544675233563
RapGAP1,0.771674391501912
Slob,0.209395852825926
Myo28B1,0
Tep2,0.016628704610408
Tep3,0
Ntl,0
CG33296,0.012402650801341
CG13794,0
CG13795,0.016628704610408
CG13796,0.043633258197558
CG31904,0
CG7203,0
CG7191,0.0139478101066675
CG7154,0.156422772621546
CG7149,0.0885468012841254
LKR,0
Herp,0.123680474204266
r2d2,0.0941954020968185
cdc14,-0.0184251638981999
LanB1,0
CG7115,0.158749936223163
Rack1,-0.0731679959292427
mts,-0.0809304656337048
CG14535,0.0520196693738115
lectin-28C,0
TwdlE,0
Proc,-0.0176413179586901
CR45364,0
CG7102,0.016628704610408
SmE,-0.0587273900370796
CG34132,-0.110362240454163
Snoo,-0.00118931548838612
CG7231,0.0660142122849557
pes,0
Sirup,-0.0776948737798257
Wwox,-0.0440999997781969
Spn28Dc,0.016628704610408
CG12560,-0.00407257877383832
CG34010,0
Tg,0.016628704610408
baf,-0.0504461457751406
Cka,0.0266683560019288
CG7429,-0.0176782221494517
RpL36A,0.189569477378264
snoRNA:Psi28S-2648,0
CG7466,0.0200246376411623
poe,-0.00792351126594239
MED20,-0.06200043802478
Trf,-0.0353792591339503
Mcr,-0.0094874279092666
Bsg,0.0917739504322212
mon2,0.00681954625143403
CG8673,-0.0270842887953745
CG12375,-0.0465465635319346
CG8668,-0.018788456080561
CG8552,-0.0364042215821197
CG43394,0.000716750042210212
Rbsn-5,0.0234589455649812
CG8498,0.151632315262978
Piezo,0.0442761676884728
CG34134,0.016852520052624
CG8475,-0.0524000774708284
CR44116,0
CG8460,0.0103724227661907
PGAP5,0.057131834190878
SLC5A11,0.0496338917152334
CR44119,0.016628704610408
CG8419,0
Su(var)205,-0.0845092167108092
Ssb-c31a,-0.190445165924403
CG8372,0.141903406842228
CG8360,-0.144913484758639
CG8353,0.016945719025278
CG8292,0.016628704610408
Snx6,0.0107157152473305
Pvr,0
CG8086,0.0262845232747695
Btk29A,-0.0408601872674529
wol,0.0817713408078165
Scgalpha,0.0266660669402322
CG7840,-0.0161722918062871
Ostgamma,-0.0371253797292976
CG7818,0.0559394793673798
CG7810,0.0783162196589865
CG7806,0.0151347144659177
mtsh,0
CG7787,-0.0217236696786898
CG7781,0.340183816130992
CG14275,0
CG14274,-0.120522864813244
CG14273,0
CG7627,0
RpS13,-0.0429772333080947
CSN8,0.0646788728191545
Pp2A-29B,0.301491498542284
CG17292,0.016628704610408
Wdr82,0.151244599025631
CG13390,0.0483203609339066
CG17294,-0.0709515974753263
Aats-ala,-0.0407229137663366
CG13392,-0.0786405632200219
Rcd4,-0.030909372550537
l(2)k12914,-0.0233906824800814
CG13384,0.0545584575809169
CG31898,0.0194194776160402
fy,-0.0302589970962353
emb,0.0165465821869217
CG13397,-0.022995014461774
CG13398,0.181563798417414
Akap200,0.104972102125945
grk,0.016628704610408
D12,-0.0191404779738292
Chrac-14,0.0839769515645346
mus201,-0.0201578843524719
CG31897,-0.00948576503742654
U26,-0.00684355271388663
fu12,0.00620961876973707
fu2,0.069417656783861
d,0
CR43604,0
CG13088,0.080317272749549
Dh31,0.197741350282733
CG13096,0.0163674450831772
CG13097,0.0012037919731829
PIG-U,0.0268429222862473
mRpL51,-0.0833923582508784
CG13090,-5.70525039087834e-05
CG13091,0
Acer,0.0240091100825065
CG17834,0
Sema-1a,-0.00306250272975252
Glt,0.016628704610408
CG9289,0
PrBP,0.225919848447303
Trs23,0.0203271316918625
Hnf4,0.0937618412681319
raw,0.0132361295677059
CG9468,0
CG42710,0
SoxN,-0.815733163910426
CG34398,0
Tsp29Fb,0
CG9510,0.0884234679336674
CG9515,0.111582430333669
C1GalTA,-0.0636110803256959
CG31886,-0.00874600623626348
CG9541,0
rost,0
alien,-0.048101904009598
CG18661,0.0129189816057427
Try29F,0.02364986202732
CG31708,0.00646473954317989
CG32982,-0.396570090416109
CG13108,-0.127122403374961
CG9586,0.057258675875544
tai,0.30935971537565
lectin-30A,0
Ggamma30A,0.713923614985978
CG17005,0
Cks30A,0.0628244355533288
Eaat1,1.03583597071315
Shawl,-0.0423403662652049
Aldh,0.136071717357616
CG4438,0
FucTB,0.0359163910663753
scat,-0.0300823774149202
numb,0.153173875310993
Gdi,-0.0663160393736609
CG33298,-0.0862734932909947
Oatp30B,-0.0216622302474551
CG31883,0.016628704610408
jp,0.397787702324984
CG3838,0.0986647041893861
Mtpalpha,-0.0293984181012672
gcm,0
Trx-2,-0.0673423886526041
GlcAT-S,0.177224184386222
Apoltp,0.0494288240037281
Pka-C1,0.725586905913538
hoip,0.0481986728327545
pelo,0.0732999435484464
CG31710,-0.0105845097831899
CG4364,-0.0530795998992802
Nckx30C,-0.327881593206526
CG13116,0
CG13117,0
zf30C,0.0745700678713578
Taf11,-0.019342711677918
und,-0.0470165283242373
IP3K1,0
CR18854,0.354262014914721
CG4036,0.055726661844284
CG13123,-0.00876000633693503
nAChRalpha6,1.98529265237593
FKBP59,-0.119903920595373
CG34183,0.10965709604024
CG4537,0.172846115326014
mtDNA-helicase,0.016628704610408
Uhg2,0.0717401101885513
Bka,0.200873702342479
RpS2,-0.0960185272734346
CG13124,-0.0469387671141241
Etl1,0.0640831361782558
Srp54,0.0489226440446393
yip2,0.0277479199725845
CG5885,-0.100420629215401
CG4598,0.0468931246875411
CG4594,0
CG4592,0.0331039341855874
CG31712,0.100415287524072
CR45007,0
Apf,0.0227533778321297
CG4619,0.051753287530726
CG5853,0
CG13126,0.0229367190505649
CG4709,0.0252663902083682
CG5846,-0.0460309890864753
CG4658,-0.079701798299255
CG5850,-0.0529527007461148
CR43683,0
Dref,-0.0264923458117727
RpL13,0.370417501774028
CR13130,0
bib,0.509385890728278
CG31875,0
SoYb,0
CG4747,0.0668863444458391
Trp1,0.141114506290109
Cpr31A,0
Pen,0.016628704610408
Spn31A,0.016628704610408
CG44153,-0.230929201051018
CG13133,0
CG13135,0
CG4839,0.016628704610408
Sur,0
Ripalpha,0.0466235705105564
RpL7,-0.0822875027698499
CG34159,0.16476435253283
CG5734,0.05133404156456
CG5731,0
CR44845,0.016628704610408
CG5727,-0.00544182629494109
CG4901,0.016628704610408
Npc1a,0.153683312052773
Prosalpha6,0.0427593959654958
CG4908,-0.0706871155767362
CG5708,0.106425420519321
CG5694,-0.0202065036945678
eEF1delta,-0.0503919089758444
mthl15,0
me31B,0.110368846379325
chico,0.0085933708691447
bsk,-0.047544650582198
CG31717,-0.0566615243577431
Ror,0.030596307413538
CG5676,-0.084252486930266
Pten,0.0390455756621384
Rsf1,-0.214582585233106
CG18619,-0.0869835907861119
Mob3,-0.088492810260752
CG4953,-0.00425174309222786
CG4957,0.0644659576937183
Mulk,0.0202872647198418
trk,0.016628704610408
Utx,0.127803100873568
CG5604,-0.00247506861185836
CYLD,0.0250857317958279
nmd,0.0436209147084599
CG5390,0.0290943927297763
CG4968,-0.0381434194931959
Cdk5alpha,0.131811352299461
l(2)SH0834,0.274505889451629
CG5384,-0.116567955495363
CG4972,-0.0214542750200564
CG5381,0.016628704610408
RnrL,0
CG5375,0.0332462436364391
CG5037,-0.209182062676071
GATAd,0.310936631315393
SamDC,0.0893765441683039
CG31715,-0.086536603380812
Sps2,-0.0402643886153166
CG5022,0.102124332789975
CG34367,0.189905041217716
CG5045,0.0783951075776554
Cand1,0.0109712502459393
pim,0.0656064145926926
lft,0
CG5056,0.0715314388887885
rho-5,0.228775772295341
CG33303,-0.0780048146370238
dpr19,0.10387513165257
gny,0.0275186827864516
CG5096,0
Cdk1,0
mRpS7,0.0353796948734817
da,0.172959090598731
CR45789,0.016628704610408
Mdh1,0.0127105773302484
Cnot4,-0.0403154526855631
Ip259,-0.0500990300598301
RpS27A,0.130758313849675
CG5355,-0.0197824875453686
Klp31E,-0.0135137764482785
RfC3,0.0100767495274199
pie,0.016628704610408
CG5168,-0.0245441080705669
SmB,-0.0230344712721128
KdelR,0.0339963737204855
CG5188,-0.0212726732739154
Bug22,0.207307411795266
TfIIB,0.0963439678613642
CG5337,0.295269673207671
holn1,-0.0592989597033372
CHIP,0.0430400705269335
Nse4,0.0953399393314046
loh,0.016628704610408
LM408,0.0521278854662941
RluA-1,0.016628704610408
RluA-2,-0.0126494010434774
Grip75,0.0903210687121875
CG7456,0.0505323259956849
CG6144,0.0629745056452015
Myo31DF,0.0231851723253711
CR44224,0
CG6094,-0.0914502643094072
Lrr47,0.0127582256112532
Lip4,0.0494288240037281
Trim9,0.157213570386572
CG6138,0
CG7296,0
CG6443,0.0548538832103094
CG17118,0
CG6750,0.0919417510128491
Dpy-30L1,-0.101056912326003
Nup107,-0.0691819255190486
CG12299,-0.0243966843229664
CG6729,-0.0316417879741957
CG17124,-0.120785618110094
CG6495,0.0301061466140116
Ubc2,0.0280525320943951
CG6724,0.0846146065714846
CG17127,0
CG31869,0.102045133319935
CR44582,0
Nos,0.0602592361948218
CG6700,0.155632543862624
Porin2,0
porin,-0.396254742015787
CG43129,0
Dnz1,0.0192010259949069
aurB,0
Stam,0.0426520607573922
CR43807,0.016628704610408
CR45454,0
dpr2,0.920978004583446
CG33129,0.245366556766236
YL-1,0.183031679922003
CG16743,0.0895470031266515
abo,0
l(2)06225,-0.334472389989924
SCAR,0.12148466058319
CG12253,-0.0495578966993672
CG16833,0.14891475701783
aub,0
RpL9,-0.0209000990885197
Nup154,0.0114854418693439
Art8,0.0130220742040012
dUTPase,-0.0250514878298857
Samuel,0
AstC,0.0458353246957284
CG16854,0.0168377179029368
CG4705,-0.0243849944091515
Ge-1,-0.0404870872959199
Reps,0.0362538021504744
l(2)gd1,-0.0521915822825861
CG6201,-0.0343486826511024
Gr32a,0.016628704610408
CG6230,-0.00331378700813515
CG14921,0
Csl4,0.133285139960714
Nup160,-0.0207297890083054
RfC38,-0.0372839150169263
CG4751,0.00915726421552119
CG6287,0.0103537307148432
Ca-beta,0.066268854656937
Vm32E,0
CG4788,-0.0107899787593048
CR43859,0
ab,0.156536294594064
CG33695,0.0306357056836325
Ppt2,-0.054028556133806
mre11,-0.0544966003732693
salr,0
salm,0
CG6488,0.024632286725175
CG6509,0.00739582650556351
CG31705,0.7262648268429
CG31706,0.54155557576376
kek2,-0.800581088370735
spag4,0
CG14937,0
crol,0.113675400705585
CycY,0.169790840776023
Pde1c,0.688960431811952
esc,0.0494288240037281
CR45014,0
CG31704,0
CG44008,0
CG14933,0.016628704610408
Mal-B2,0.016628704610408
CG42751,0
Cry,0
CG16965,0.016628704610408
CG6686,0.0733701669482591
CG34163,0.0255462448715438
dgt2,0.0222798137147141
escl,0.00619910127763503
Ada1-2,-0.0558949053950069
CG18789,0.0494993368911356
Qtzl,0.0568899371120967
Ada1-1,0
CG18787,0.0840143727343122
CG12264,-0.0439611150902292
CG6746,0.0881138445964652
Rh5,-0.0184263523036082
CG6734,0.0240259503509011
dmGlut,0
Tom70,-0.082562386333833
CG6766,0.093872723599704
CG6785,0
CG6770,0.00399565221014226
CR44589,0
Plzf,0.000127227125568483
CG14945,0.357524134692122
JhI-21,-0.0316805168488317
Rab3-GAP,0.0247381963231309
CG14947,0.016628704610408
Pex19,-0.233051086794505
CG6712,-0.0443892051655164
Mt2,0.00794817646953904
Ced-12,-0.00690479482534372
Patsas,-0.0417338492174046
Aats-thr,0.00796122939214648
Rab6,-0.0747725703189862
CG31760,-0.106873958967369
CG31861,0
ZnT33D,0
CG6583,0.235319601284646
crok,-0.0367800278887551
aret,-0.396259342163322
atilla,0.016628704610408
CG31759,0.016628704610408
CG43813,0.016628704610408
bru-2,0.016628704610408
vir-1,0.376882304339045
CG6405,0
CG5446,0.134340118662651
CG6388,0.0667887747388328
CG5435,0.016628704610408
SC35,-0.0590815243844913
snoRNA:SC35-a,0
Elf,0.128954443656804
Oatp33Ea,0
CG5418,0
bun,-0.00799258429798956
CR43051,0.016628704610408
CR42746,0
CG5525,0.110498189777658
CG6153,0.015267087495451
CG5780,0
PICK1,0.00378074186412348
CG17036,0
CG5776,0.00606794723456441
spict,-0.0362856313785193
CG15484,0
CG6180,-0.14680666734309
CG5787,0.0372355089309788
Pih1D1,0.0379688594541073
MRP,0.0238131388380061
CR43818,0
kek1,-1.16507398373503
ACXC,0
Vha68-2,-0.00681763698921274
CG12404,0.172971590400906
Vha68-1,-0.445362736864081
Tor,-0.0195587348582788
CG9934,-0.00912049288805671
A16,-0.0482386095199587
CG9932,0.707560366847675
CG5142,0
CG9928,0
CG16978,0
DnaJ-H,0.0245949840757348
Sir2,0.19580177951824
Sfmbt,-0.0278629955641792
CG43925,0
CG5439,0.237773325581139
CG5287,-0.0829704234226519
CG31849,0.0360586663383287
CG5458,-0.0355286156398694
CG16974,-0.0901882879878751
Edem2,0.0598306375044737
CG16972,-0.0149852603674416
Pect,0.110919213811595
snRNA:U2:34ABa,0.016628704610408
kek4,0.139220503580542
CG9426,0.213343382851063
CG5705,-0.0620468088061817
Ski6,-0.0542264272519695
CG16812,0.00787195738468148
CG5867,0
CR45330,0
CG16820,0
CG44085,0
Drep-4,-0.32495904056527
CR44083,0
Uvrag,-0.0307505100553796
CG31729,-0.036773267984497
CG43778,-0.0377658687356788
CG43779,0
CG9395,0.173267814856891
CG9377,0.058716324724809
Nnp-1,0.0638351326098646
CG6523,-0.0131097568498107
Tap42,0.000380647676695587
CG31855,-0.0450337421498834
CG9306,-0.0566620947108744
CG9305,-0.00395070277109824
CG6565,-0.0352091067470226
CG9302,-0.0108296434453147
beta'COP,0.0839802310429455
loqs,0.0145549808041492
CR44599,0
CG9293,-0.0419937242046542
CG7099,0.00113496149394668
RpL24,0.191851149748873
CR44600,0
CG7110,0
Vm34Ca,0
CG42784,-0.81038480510952
CG43850,-0.0125927858980379
Tehao,-0.00950445183039221
CR45683,0.0287530752713945
CG9267,0.07899607317286
Hsp60D,0
CG42809,0
CR45684,0
B4,-0.0498003045605241
CG15638,0
CG9263,0
kuz,0.228987476051707
ics,-0.0446650601794003
CG18507,0
CG31814,-0.030856707335312
TM9SF4,0.0532739014817637
CG43376,0
CG9008,0.115117059324796
CR31845,0.016628704610408
p38b,0.0226672487916442
CG16890,0.0393831526471865
CG31731,-0.0220980597787633
CG16863,0.0402015769115428
Sec71,-0.041158381611665
CAH1,0.497373681845161
adat,-0.0244244847560092
CG16865,0.0346416125278063
CG16888,0
Sos,-0.026243069322121
b,0.06553939641716
tam,0.0331039341855874
Arpc1,0.00289380838067353
Orc5,0.0331039341855874
RpII33,0.0146531097797957
mRpS23,-0.0954898584483203
CenG1A,-0.212834935619037
CG7916,0
Smg5,0.0533115893028418
Ance,0
CG16885,0.016628704610408
CG16884,0
NimA,0
NimB2,0
NimB3,0
NimB4,-0.0115657326190807
NimB5,0
Cyp28a5,0.478329502844319
rk,0.219889074704542
bgm,0.0331039341855874
nAChRalpha5,-0.0362258132212958
NimC4,0
CG17341,-0.220771256436355
Dyrk2,0.0858158531454131
CR44727,0
CR44728,0
wb,0
CG33090,-0.0647223712683828
Send2,0
mTTF,-0.0258594885444154
l(2)34Fd,-0.0198168438564217
Rab14,0.131041150276389
Pgant35A,-0.0529866356748916
CR43463,0
spel1,0.0348865488278806
elB,-0.0675151082680523
noc,-0.165126568237441
CR45693,0
CR44854,0
CR44855,0
osp,-0.0883685983493812
CR43411,-0.00148704237353002
Adh,0.016628704610408
CG18636,0
CG18420,0
CG15279,0
CG42313,-0.404275699817256
mol,0
dyn-p25,-8.34031475044841e-05
l(2)35Be,-0.0418808376057871
NC2beta,-0.0350761423377578
l(2)35Bc,0.0327260996505217
l(2)35Bd,0.0844597576124817
CR43856,-0.0326048750812291
GABA-B-R1,-0.177652822538066
CG33310,0.0117140703585684
CG31832,0
yellow-c,0
CIAPIN1,-0.0395905344551766
Su(H),0.00221257879975887
ck,0
TfIIS,0.0351568275993886
vas,0
vig,-0.145077085191042
CG15270,-0.427248640766011
CG15269,0
stc,0.0870644526474746
CR44706,0
CR44771,0
CG4168,0.0817196924616278
ZnT35C,0
dao,0.0479384596161053
Pol32,-0.00181223983194775
l(2)35Cc,0.0360419558750744
yuri,0.016628704610408
Cul3,0.0528965296168858
UK114,-0.00624196181090865
CR43682,0
lace,0.104764361284957
kek3,-0.865543894088435
Or35a,0
CG4587,-0.10256962277189
CycE,0
CR44974,0
l(2)35Di,-0.292120791494571
l(2)35Df,0.0462373146777866
Gli,0.0446942050455228
CG3793,0.192361480692573
wek,0.00828412698916097
Ku80,-0.0303061488126518
Tep1,0
CG31823,0
beat-Ib,0.943753858915171
CR44868,0
beat-Ic,0.459555346405218
CR43825,0.016628704610408
CR44844,0
beat-Ia,-0.0438861879064466
Ca-alpha1D,-0.00222434811558391
CG42817,0.0206096092470204
PRL-1,0.0419966971819317
EndoGI,0.0610093256106856
twe,0.016628704610408
CG4935,0.0303432969552641
crp,0.209064805391343
pkaap,-0.0682378487754037
CG17329,0.016628704610408
heix,0.0312350898614902
CG17328,0.0640303393276743
CG5869,-0.00824118000019291
CG5861,-0.121818365817113
Syx5,0.0435988748584221
cni,0.0625975965001632
fzy,0
cact,0.133535468264274
CG4278,0.0216380118518966
mRpL4,-0.074453162553153
CG31817,0
CG42266,0
CG42231,0.0020886530362802
chif,-0.0334429631012886
CG4455,0.016628704610408
CaBP1,-0.0778607413667577
jhamt,0
CG5888,0.125733604872315
Idgf2,-0.000645198964984832
Idgf3,0.289855845907653
dac,-0.00628046189667077
Tpr2,-0.0458136131372452
CG5953,-0.0208853309345856
CG42389,0.522136049611103
CG5968,0
CG31815,0.00283168938239218
CG4631,0
Trpgamma,0.0331039341855874
her,-0.0143381325072536
grp,-0.275367311164733
squ,0
CG33552,0
CR43670,-0.0337933228603177
CG31808,-0.891875205597572
Cyt-c-d,-0.0121788856321236
Cyt-c-p,-0.290007009915455
VhaSFD,-0.0478027525407666
CR43671,-0.0111334293498875
CG31812,-0.0131557127869693
CG17996,-0.0372805778295972
Prosbeta4,0.0552346526083431
CG17904,-0.101817193463821
glu,0.0188052388828105
LSm7,-0.00482923661529146
CG17912,0.098827994394707
yellow-b,-0.00951776738160052
CG17928,0
Ugt36Bc,0
mdy,0
Cas,0.0151708494127499
CG31739,0.0322166578966258
CG13284,-0.0554553899137665
CR31781,0.016628704610408
CG6115,-0.227476553096909
tweek,-0.0440012545610992
CR44392,0
CG42556,0
CG12288,-0.0183738959673649
ApepP,-0.0157754188764239
beat-IIIb,-0.461993535489495
CR44408,0
CG31806,0
Gr36a,0
beat-IIIc,3.83192460051238
CR44396,0.144385126017282
Lrch,0.0494552860017361
CLIP-190,-0.194934161516398
Rpb11,0.00761903433314491
CG15141,0.139607653313193
Dif,0.159805457145051
dl,0.016628704610408
CG5050,0
CG18563,0
BicD,0.221252765165507
Sgt,-0.0895536907646873
Aac11,0.131989036889402
fws,0.0143090957036264
CG5110,0.1444364563648
CG6453,-0.0140792057972309
CG5131,-0.0402946388159366
CG6412,-0.149004234968615
Dhc36C,0
CR45919,0.0143395619698572
CR45358,0.0216728369617906
Oli,0.0727714656817906
CG6870,0.0331039341855874
Sytalpha,2.11596002173881
CadN,0.227480435909198
CadN2,-0.129735246445225
CR45332,-0.199611338707513
CR45333,-0.000234360544798373
CG5674,0.0529556045988482
CR44605,0
rdo,0.267646397696636
Arr1,-0.021336793694371
ninaD,0
CG5758,-0.00450198364160327
kel,0.0828431208387581
Socs36E,0.123955278347478
CG5783,0
CG7200,-0.00508213570922077
CG42750,-0.0550350524777624
Ptp36E,-0.0247353214527715
CR44900,0
CG31802,0
CR43408,0
CG31788,0
CR44901,0
CG31787,0
Fas3,1.16167426763476
CG34171,0
RpS26,0.172325352817965
ncm,0.0217139656369993
bsf,-0.0426097670137021
let-7-C,0.106182756266439
CG10283,0.3709991644361
kon,0
CG10178,0.0331039341855874
Pde11,-0.0110951572196551
CG15160,0.0434287421087407
CG10413,0.0954316965375217
CG10333,0.117043112354685
Atac2,0.0143863771434069
CG15161,0
MESR3,-0.0374667418111693
CG43338,0
Mst36Fa,0
CG31751,0.134588361851097
tos,0
msl-1,-0.00648274629902484
CG10336,-0.0225935091092859
CG10383,0.0359512001815517
CG10338,0.00404577421193833
CG10341,0.0052802304470251
CG10376,0.205030066890877
CG10343,0.114672059183401
Jwa,-0.0783448919616136
Faf,0.25108311660883
Grip71,-0.0489191416984634
Irk3,0.198499734140614
ham,0.0331039341855874
CR44904,0
CG17323,-0.0239907035482459
CG17322,0.016628704610408
CG17597,0.0656064145926926
ScpX,0.0459231556498058
CG10600,-0.0828371425313702
CG31752,0
CG17321,0.150612241560257
CG10602,0.0296603164800788
mRpL13,0.0199280563056454
tup,0.0178915387429111
CR44738,0.016628704610408
ssp3,0.0107068646088337
CG10428,0.048601983779707
Nedd8,0.0277346876787002
CG10621,0
CR44741,0
CG10623,-0.00345315537117825
Nak,-0.012597750531596
Tango6,-0.0238946202101705
CG10639,-0.0113780166463544
CG10431,-0.0184883528570797
Swip-1,0.0384899572174416
CG15168,-0.0308172739817578
CG10650,0
CG31793,-0.00854252184443486
RpL30,0.00496501490780304
CR43700,0.016628704610408
Side,-0.110662096681893
hk,0.193917358852081
CG31800,-0.155666689513564
mib2,0.0692928439167379
Catsup,-0.0236321184076269
Ttc19,-0.0633394132073329
Acn,0.0195636271315422
CG10470,-0.0483428982277383
l(2)37Bb,0.0239134401119647
Rpn3,-0.064564596098718
CG10492,0.007029172665177
Phlpp,0
CG10495,-0.0476367140313829
CG10702,0
CG17343,0.00979652404255086
CG17572,0
CG10700,0
Lim3,-0.00604186606182442
CR44905,0
amd,0.016628704610408
CG10561,-0.0567714378098975
Ddc,2.5480496382425
l(2)37Cc,-0.103816737908248
l(2)37Cb,-0.0281236370495639
l(2)37Cd,0.0197663763392245
Aats-asn,-0.0597629626271802
l(2)37Ce,0.196904094946223
l(2)37Cg,0.0609602603809952
brat,0.292723448520812
CG17568,-0.020985155758878
pigeon,-0.0225113439935809
drl,-0.0443623849959423
dnt,0.0417665119814825
CG17350,0
CG17549,0
CG17544,0.0638700713084761
Pax,0.0745757348520723
CG16771,-0.012766461081072
CG13085,0
CG9987,0.0903735912308575
Rab9,0.225582065784389
CG10237,0.016628704610408
RanGAP,-0.017393861957915
Hs2st,0.10549714119046
Top2,-0.0419586199613317
CG10026,0
tj,0
CG10195,0.016628704610408
CG10194,0.0484874791153119
CG18094,0
CG10189,0.0311273830027529
swm,-0.0339230127064722
Top3alpha,-0.0202246347108901
CG10188,-0.0188551984717178
CG10186,-1.09903492134282
CG10132,0.116529409485563
CG10166,0.0667920434266384
CG10137,0.17667979190554
CG10165,0.0331039341855874
CG33116,0.0292749090361519
CG31697,0
CG13082,0.0331039341855874
ref(2)P,0.0752278201902753
CG10337,0.016628704610408
Tep4,0
CG13077,0
spi,0.345241652661948
CG10268,0.00119999908933437
Hakai,0.020311244732904
CG10262,-0.0250446273330955
CG10366,-0.000509237415910515
Lar,-0.214175684922296
CR44978,-0.0711543510484344
scw,0
CG10462,0.016628704610408
Nf-YB,0.0723905383581899
CG10631,-0.0116554325214637
CG10628,-0.00395280776253565
CG10463,-0.00920885630827901
fbp,0
bsh,0.00382363936907744
CdGAPr,0.024063826500161
CG10466,-0.0627991644182987
fs(2)ltoPP43,-0.00343301564175694
sick,-0.0760467859747451
CG13962,0
CR43828,0
CR43827,0
CoIV,-0.214359229257142
CG16772,0
Hf,0
CG43861,-0.00469725256515372
sNPF,1.5643479714768
barr,0.0175273646994126
lok,0
vls,0.00443857924278371
bwa,-0.00929666537145882
pr,0.252276361252383
neb,0.016628704610408
fok,0.26641375422684
CG10747,0.00506108616587378
CG10721,-0.0198380258388651
Taf13,0.0379003026159987
nesd,0.016628704610408
mRpS18B,-0.0625906592000083
Kua,0.016628704610408
CR40341,0
spir,0.00510855189318386
La,-0.131935820046076
RtGEF,0.0430271099783736
CG16798,0
CG10947,-0.0126488360535499
CG10949,-0.0261927931350276
Arpc2,-0.020554888772885
CG31688,0.0249940851177644
CG31683,0
CG31687,-0.00857505411177004
CG18858,0.016628704610408
Cdc23,-0.0185024054628045
CG2493,0.0463246588955211
CR45347,-0.0239419438975905
CG15475,0
CG17470,0
phr6-4,0.0128241558679433
CG2608,-0.103146803503433
Uhg3,0.0800919137484407
CG2611,-0.00926288906958354
bru,0.0569375820823928
CG2614,-0.0405991963559582
CG31678,0.0479664369084395
ik2,0.0358535980795627
Cen,-0.0496087546994791
CG2617,0.0721916013623585
Hr38,1.35358233033413
CR45306,0.016628704610408
CG9317,0.016628704610408
CG9318,-0.110316820030533
Fs(2)Ket,0.184965802547083
CG9319,0
Ns4,-0.00867510755855154
CG9323,-0.00920885630827901
dia,-0.0430255090687865
cad,0
Pomp,0.0142396597781091
vari,0.253967784289729
CG9328,0.129458665541582
CG9331,0.000189854494212754
CG31673,0.0969372995295316
CG31674,0.016628704610408
CG31676,0.259705509570014
twit,0.0264016393455609
CG14400,0
CG9336,0.0484479381679332
CG9338,-0.0131669439873392
CG31675,0
CG14401,0.0218245370368935
sky,-0.0598792183806994
CR44981,0
Mtp,-0.00723459214703908
CR33318,0
RPA2,0.013899061750133
CG9272,-0.0268921803469528
CG9270,0
CG42238,1.19593541430466
CG9265,0.0530313362767344
tadr,-0.267690823944159
CG33509,0
CG14397,0
CG12050,0.00520549826775637
CG34136,0.0242323067062493
CR43809,0
CG9257,0.115474696331996
Nhe2,-0.167780792079589
Dap160,-0.198276845914929
CG9253,-0.113487297022987
del,0.016628704610408
E2f2,0.063533510868563
Mpp6,0.0476294706878369
CG9249,-0.0351855593256304
CG9248,0.0233856271923259
Nbr,0.0486439865431491
CG9246,-0.0187471514832956
Acon,-0.168085172376677
CG31627,0.016628704610408
bur,0.152450642033934
Ret,0.016628704610408
CG31988,0
Atg18b,0.0696567493332012
snRNA:U4:39B,0
CG8679,0.00667924233061767
CG8677,-0.05559797728117
CG31626,0
CR45713,0
Hr39,0.00770069164524417
l(2)k14505,0.067900590259282
CG8671,0.0427998492981589
Cyp6t2Psi,0
Mio,0.0844374805234388
crc,0.0849343181280371
CR44785,0
Tsp39D,0.183618038134313
Gr39b,0
nrv3,-0.0450512977976145
His1:CG33801,0
His2B:CG17949,0
His1:CG33804,0
His2B:CG33882,0
His2B:CG33868,-0.023673935610314
His-Psi:CR31614,0
Lamp1,0.0981903356524652
nompB,0
CG2201,-0.254107023372659
CR43148,-0.224872251515997
Df31,-0.0828243526248011
CR44993,-0.0144242921995554
Ac3,-0.0551565371419021
CR43144,0
Cul2,0.0170423157365877
CG2225,0.0122026992706791
CR46066,0
EF2,0.0308982327129105
CG31619,-0.166846731914349
step,0.176705779386766
CG1416,-0.0592098566256986
CG31612,0
tsh,0.016628704610408
tio,0
CR33987,0
CG3651,0.194344668995627
CycK,0.00180991248082712
CG42748,-0.0471832639260253
CR43241,0.120546086865714
CG34137,0
Clamp,0.197915438279893
CR44809,0
CR12628,0
CR43765,0
CG3262,-0.102593820886937
RpL21,0.11691256448705
Tif-IA,0.177828231906162
RpL5,0.0315554916041162
CG17490,-0.0335996449826354
CG17493,0.162819393664449
Slmap,0.075324398024523
CG40439,0.112098921031544
CG17715,0.0427966108554751
lt,-0.0323129047099854
cta,0.126665725785859
Cht3,0
Spf45,0.340797057817877
CR43242,0.0331039341855874
CG12567,0.17288382096216
CR44268,0.016628704610408
Gpb5,0.0271790880048654
CG40042,0.00063065773158923
CR41507,0
CR32011,0
CR32010,0
CR32009,0
PlexB,0.0914717717222344
CR45124,0
CR44440,0.0331039341855874
ci,0
CR43957,-0.0268167745339245
RpS3A,0.157725878933101
pan,-0.0444797997173777
Ank,-0.0994366042787998
CG32000,-0.0996224498387287
CG31997,0.290584718455809
CG33978,0
CR45198,0
Arl4,0.251967249968325
CG2316,0.0281862980035937
CR44441,0
CG31998,0.0522013219751553
Crk,-0.173718582104542
CG31999,0.016628704610408
yellow-h,0
CG1674,0
dpr7,0.109012383376144
RhoGAP102A,-0.0365814771707911
NfI,-0.0903325860859771
CR44023,0.0485607684870923
Syt7,-0.348158216196016
Rad23,0.0481277049792166
Zip102B,0.0539689354479221
CG32850,0.381441855819462
PMCA,0.129566642555258
Hcf,-0.052907908198679
Lin29,0
CR44024,0.016628704610408
lgs,0.0661096465742407
CaMKI,0.159744509746892
CR45126,0.0213641744333284
bip2,0.0599302814199716
pncr013:4,-0.0198563253128136
Asator,0.0612430853734001
zfh2,0.223716332532203
Thd1,0.216840900192939
CR43958,-0.000695203450848997
Pur-alpha,0.173761863653286
CG1970,-0.149122868838112
Ephrin,0.105153076917598
CG1909,0.0695913477730704
CR45199,0.016628704610408
onecut,-0.0174753482010416
Eph,0.281421197516931
mav,0.0472768719947058
CG1732,1.07554466050821
CG9935,0.0494288240037281
gw,0.103347893340233
Slip1,0.117291676858137
CG11360,0.00026482267366041
myo,0.0324387046981758
ey,0.0040867730594719
bt,0
CR45200,0
MED26,0.122837825801425
Sox102F,0.0109637065907248
fd102C,0
CG11148,-0.127963035093766
unc-13,0.128170567665356
CR43425,-0.0103892604374306
CR44029,0
eIF4G,0.13898704702695
mGluR,-0.108732986456089
4E-T,0.0972376453651018
fuss,0
sphinx,0
toy,-0.00132465351581095
PlexA,-0.0705856504065577
CR44031,0.0580395779303407
CG11077,-0.359854057783399
CG11076,0.0388947851098208
ATPsyn-beta,-0.342610132738916
CaMKII,0.268061621282297
Zyx,0.19221756158657
Rfabg,0.06595522076854
Actbeta,0.216524393432071
Cals,0.267312613016588
Arf102F,0.126034556781458
CG11155,0.38245256220245
CG32017,-0.139966705272155
Kif3C,0.0594014414278415
pho,0.218712058103147
CG33521,0.0106093240152593
PIP4K,0.379263522451356
Mitf,0.0651130024169692
Dyrk3,0.0599837985398381
Caps,0.244728933359793
mt:ND2,-0.149194742648952
mt:CoI,-0.174940864568363
mt:CoII,-0.0499711753028719
mt:tRNA:K,0.016628704610408
mt:ATPase8,0.0297039649625979
mt:ATPase6,-0.0606629626930094
mt:CoIII,-0.0818871517970031
mt:ND3,-0.108978023255436
mt:ND5,-0.321335565235938
mt:ND4,-0.39277054939706
mt:ND4L,-0.0091759671342704
mt:ND6,-0.189060766968833
mt:Cyt-b,-0.0859310189941472
mt:ND1,-0.261590544846979
mt:lrRNA,-0.151366782983128
mt:tRNA:V,0
mt:srRNA,0.0577409853181411
Gpa2,-0.0129662791927798
28SrRNA-Psi:CR45848,0
28SrRNA-Psi:CR40596,0
pre-rRNA:CR45845,-0.0012175985976268
CR42195,0
CR41607,0
CR40959,0
CR41583,0.0331039341855874
CR41590,0
CR40611,0
CR40571,0
CR40582,0
CR40766,0
CR41535,-0.00184394367619717
CR41621,0
CR41550,0
CR40712,0
CR40639,0
CR40668,-0.0286822363374393
CR41544,-0.00739478364342803
CR40640,0

